1047128
1047446
1049229
1048386
1048776
1048524
1052531
1051098
1052536
1048104
1048383
1050526
1050553
1052592
1051213
1052681
1047205
1050139
1050478
1048548
1047672
1050774
1049999
1050881
1048815
1050604
1046974
1046928
1046771
1048321
1051749
1051475
1049961
1047903
1051428
1051870
1052123
1047937
1050554
1050458
1047791
1052185
1050407
1050530
1047667
1050883
1052210
1052462
1050023
1048620
1052011
1049521
1049717
1048539
1046800
1047758
1049039
1052154
1049718
1048512
1051340
1050937
1049260
1048202
1047690
1048283
1049295
1046904
1050715
1046719
1050427
1052465
1047181
1051457
1050080
1046872
1048926
1050918
1049775
1046948
1051260
1047438
1050244
1051345
1047216
1052664
1048046
1047463
1051913
1052395
1050584
1047775
1046764
1048445
1047619
1052298
1048316
1048940
1047722
1048727
1052122
1048967
1048723
1048533
1051692
1047231
1050021
1048915
1051502
1048903
1051149
1048520
1047115
1050681
1049787
1051177
1049648
1049761
1047254
1051685
1052103
1049086
1047461
1049513
1051046
1048446
1048359
1050207
1049311
1049740
1048000
1052148
1048922
1049958
1047215
1052269
1048435
1050921
1052534
1046752
1049036
1048851
1049882
1052182
1052254
1048493
1047806
1052196
1047666
1048090
1049385
1048527
1047277
1051409
1052365
1049173
1047769
1050658
1046775
1050099
1047413
1048036
1050244
1052633
1049947
1049930
1050221
1049345
1052005
1047245
1051337
1050400
1050497
1048975
1048871
1047414
1049902
1052163
1049179
1048018
1048358
1048107
1050961
1050653
1047866
1047230
1050069
1048590
1051969
1051503
1049505
1049465
1049789
1052372
1051734
1048628
1052013
1050384
1051347
1048925
1048902
1049413
1047600
1049973
1047375
1046911
1052174
1051589
1050719
1048826
1050532
1052236
1050499
1052470
1048409
1049427
1050554
1047137
1050274
1048847
1049586
1051989
1051659
1051770
1052078
1046706
1050558
1047777
1049192
1049728
1049604
1049653
1051622
1050897
1047898
1048260
1051182
1048248
1051804
1047019
1049149
1048087
1048029
1051943
1049426
1050787
1051819
1048468
1048313
1048682
1050352
1052275
1048322
1050305
1049854
1047402
1052256
1049628
1051629
1047413
1049386
1049251
1049890
1047817
1051773
1052526
1049265
1047118
1050649
1050538
1048330
1048115
1052485
1049241
1049148
1048940
1048731
1049016
1049278
1049598
1049472
1049414
1047155
1047238
1046900
1051136
1052191
1048064
1049825
1051623
1048236
1048888
1049995
1049074
1048037
1050512
1051630
1052166
1050000
1050948
1049097
1050014
1048833
1047264
1049956
1051071
1049647
1048218
1051420
1051120
1047969
1051866
1051309
1051458
1051601
1049789
1047287
1052243
1051481
1048888
1051708
1052661
1051927
1046815
1051608
1052639
1051360
1052194
1049404
1047607
1052107
1047115
1047072
1046775
1050777
1048603
1047082
1049204
1049784
1051132
1047696
1048311
1047879
1051181
1052274
1048720
1049922
1050769
1051494
1048254
1048969
1052080
1050525
1049350
1047272
1051335
1047617
1049364
1051717
1051977
1048423
1052344
1048400
1052473
1051443
1049049
1051605
1047477
1048143
1050985
1047699
1048913
1047892
1049863
1051671
1046882
1047054
1047378
1049548
1049231
1048596
1047792
1048102
1046929
1051468
1052681
1046903
1050523
1052673
1048563
1047187
1047275
1049957
1051924
1048635
1047373
1052565
1052302
1048950
1049906
1048750
1049437
1047783
1051287
1052010
1051625
1047447
1049228
1050564
1051684
1051111
1051162
1051203
1048126
1050745
1051509
1048108
1047730
1046837
1052406
1047029
1048958
1052017
1049737
1052649
1050522
1048573
1046788
1052344
1051898
1050061
1047939
1048201
1049664
1052028
1049267
1051791
1049822
1051776
1051923
1050253
1052640
1047971
1046945
1050485
1052594
1052400
1050390
1052624
1049160
1047290
1049649
1049525
1047990
1051796
1047765
1047239
1046764
1050522
1052621
1048556
1051293
1047742
1049248
1048633
1047730
1050359
1049282
1047362
1047883
1049262
1052004
1051892
1048155
1049744
1049732
1051544
1051535
1047473
1049222
1051340
1052559
1052087
1052528
1052262
1051428
1051581
1050528
1047491
1051391
1049629
1048483
1052430
1047009
1051293
1049661
1049544
1052586
1051372
1047798
1050317
1049026
1050774
1049481
1049787
1047951
1049063
1047526
1049345
1052312
1049897
1048295
1049628
1050690
1048458
1049590
1048802
1052399
1049023
1049605
1050414
1046962
1049160
1048439
1049541
1052663
1051111
1046838
1047378
1050924
1052676
1051875
1050894
1051892
1048049
1050166
1052142
1049777
1047279
1050784
1050855
1049053
1046776
1049169
1048434
1047172
1049392
1049210
1048481
1052461
1047056
1049189
1052101
1047961
1052039
1051032
1048655
1051875
1048665
1047360
1048286
1047773
1047765
1047808
1050372
1051686
1047170
1048749
1051069
1048731
1048974
1048724
1049071
1047145
1052333
1052598
1052087
1052070
1052317
1048682
1047857
1050471
1052424
1050471
1050774
1049880
1052265
1052450
1049617
1049129
1049722
1052191
1050520
1049197
1047077
1051315
1047050
1050182
1049371
1051622
396289
398515
407169
415069
420340
393087
413082
417920
1985
404475
383113
395523
412270
391241
391412
411274
387429
395987
413576
413793
417867
411232
399508
3105
2046
411526
397469
380824
412798
392541
393052
384538
391340
398629
416541
408042
385382
385432
397114
380357
378819
2707
390564
419178
382985
408181
382096
410152
380721
386565
2744
404107
417992
386492
411641
399663
413864
379377
407696
385842
403259
404213
413506
384224
2923
386863
395042
417990
1171
403175
401910
406288
378241
2301
388929
389487
380058
407719
380425
395652
418535
409898
402334
381507
413088
409713
378038
383848
385492
391885
382140
392711
414699
389964
407046
378622
388135
1959
389503
382552
407685
413233
394542
413461
386932
383671
415689
397075
416611
405425
418790
408909
392649
2081
385586
394788
386894
388141
380781
407679
409220
416227
391262
411436
399488
396724
3947
1502
394309
387860
395935
2783
396103
397121
390520
2167
397515
401924
378162
387648
383205
387970
407345
389793
1002
2164
2025
383505
396164
2381
390420
403394
380589
399165
381294
419189
389202
402374
416742
419670
396774
414406
417292
389494
417351
412138
3989
410333
392245
412751
401038
403128
407636
391451
378593
386506
385924
406652
414339
412248
3623
400289
403055
387742
381333
387059
405676
406127
380769
412519
382441
395820
409703
411765
387898
3419
415460
418623
410197
407571
394421
387137
401050
396790
386728
392678
380610
418661
381757
416135
383676
398142
380071
382509
386760
385226
410845
1394
420499
385562
388019
385724
406034
415495
391103
411875
399160
410006
379514
402236
390961
398506
414850
399470
304
392200
406147
410660
409281
378466
391780
382003
403043
414126
394569
1023
398361
405809
385810
3822
386685
381162
416014
3652
2222
380778
379663
382228
408512
394445
420031
397420
412076
2593
397422
2941
381178
398410
382227
2264
409401
416691
408883
387103
400763
387732
2689
378427
420423
395483
389017
408042
401824
418172
406482
419002
390660
410073
402753
388608
397370
405281
390711
390802
397428
386055
380528
416782
397413
392419
397516
396241
414244
396306
383292
401667
411386
379088
383859
379750
409422
378698
396443
406395
391978
405996
387149
383858
3482
390285
399356
415718
381411
407665
385296
400015
400540
396278
379350
414809
381564
385001
404920
413788
417702
385116
387084
388902
380020
395262
390311
393740
396985
390264
398379
402651
399401
396188
411077
2893
396307
396650
2440
395848
400758
396758
409564
391628
395902
393243
396023
400040
393181
410666
389867
402854
394646
404048
418792
394997
416274
409010
400453
393088
378615
411706
409312
386392
419301
401240
414764
414970
393190
1203
399924
408222
417661
396634
411617
419342
389560
394763
2671
412295
412576
415863
413870
378650
717
1733
379296
405093
404380
378377
383369
386089
395766
1390
410781
1135
419183
405391
380772
398866
401659
417149
399734
388480
420026
414647
2139
410437
406276
406544
390215
392870
401284
397852
419911
382858
384563
399379
381128
416487
402082
382732
411721
382354
406550
406706
419263
419688
675
405331
417970
400326
385360
381853
410475
380788
386452
389187
402314
413356
415952
396009
387594
402030
389309
397557
379153
2775
400133
390363
396055
417497
385955
380245
388053
414354
394634
389287
384717
383619
391541
404940
403540
399141
386070
398849
395664
392067
413421
419441
382672
394084
419484
388437
410091
389471
382175
411377
389176
392560
396471
414312
2393
394440
416406
411203
394975
397515
411633
534
410754
410378
379422
394495
3415
383527
400898
389630
415908
418049
378024
385475
407459
401689
380729
398546
3566
383511
387903
393826
419065
401253
412174
388190
405826
391422
383653
380221
398708
417530
384002
405772
3826
117
416800
378192
410125
418177
389884
418205
3520
397978
409039
410845
396834
379808
407596
391259
1811
418375
404638
414840
417658
394305
379955
384786
401577
403937
401624
417092
394832
395718
414507
394016
403896
384316
390007
386719
381187
416028
3279
395678
409067
384270
389340
383244
419228
386965
411892
401015
384863
414550
390796
386493
397482
418146
395818
394731
401666
418993
418346
399174
415038
412718
391150
389628
804602
801012
800903
804200
805130
801757
807437
801992
806316
805900
803204
796438
800206
801789
803204
805800
800263
805369
797498
803538
804648
797474
804591
807048
806201
806143
800172
801933
804232
802286
796924
802300
804243
798297
806471
796336
797693
807047
800884
804338
806054
796439
806406
800562
807353
797741
796889
806703
799708
804598
796637
805272
798219
805240
804560
803701
796852
801260
802216
801080
803421
804989
806321
796063
803943
805454
804501
801608
800309
797824
807220
802150
799328
804173
807294
806159
806242
801268
800745
798146
800025
796442
798218
799204
805850
800666
806062
805359
801778
807356
806867
807236
800973
807384
803592
800713
807187
806734
799342
807404
801597
798789
802515
796438
801275
802346
804456
805754
799658
801024
805243
806798
802893
796110
797446
796582
800089
798521
806003
799100
803841
798812
796396
797218
798780
798933
801569
801210
800431
803786
802202
807076
797604
800323
799327
807304
804948
802130
798046
807138
802083
796328
806382
801267
806001
797883
797365
796863
798071
804231
801171
805058
802372
806724
801301
796001
798091
803937
796970
802597
806126
800620
798868
807059
799026
806942
802905
805490
797544
807318
796255
795944
795962
802273
805021
805517
800515
803871
804360
796616
807142
806654
801962
798629
799298
797546
797786
806118
801981
797529
798063
796148
797783
803874
804451
801865
797887
801808
801719
797164
801199
801151
799984
798037
798943
807363
806210
796939
796274
805697
802340
798070
802300
806789
796363
805348
807133
804573
797224
798383
804703
807029
798831
799780
799022
804701
805977
805308
798363
802984
805813
802758
796890
801275
797458
798273
801408
800660
799647
805483
800428
806709
800268
798062
807221
802002
806567
802842
806080
799856
806072
803754
806598
798985
800840
804340
805212
798862
802771
799969
802250
806885
798255
797396
798924
803285
799972
799091
805940
801107
796702
795910
799363
800795
801805
796443
801593
803089
801946
802971
802463
805679
804565
800192
798370
806608
807212
796264
804803
795945
799740
801564
806242
803259
799063
799949
799657
803158
798484
798409
795771
801650
798353
804407
796453
797674
803467
807212
796110
806291
795868
802804
803179
802466
806002
806322
801336
804987
798100
804083
800867
805982
803962
806922
805615
796288
796821
805721
797064
799494
806170
796500
799774
806164
802171
796930
796514
801525
797632
800588
806894
799115
801559
797443
807200
805819
802427
799510
795836
805910
806416
797696
796869
800184
800342
806651
803941
796392
807191
804845
798173
798259
799899
802038
799068
807361
796211
806553
807209
802031
796563
798286
803810
796519
804789
806777
795830
798670
804357
803806
806050
802841
797279
804099
796484
800698
797349
796672
804009
802748
806636
801135
797021
803290
805389
799966
805237
802063
802546
801002
805260
806702
807400
804679
803742
805657
799959
797630
797554
800061
798863
798655
804100
802727
796633
806046
802872
801908
805829
799013
798427
797511
799379
799264
800054
806610
805472
806089
800531
795963
801100
806298
801194
801334
804693
800526
801132
804444
805675
800141
802314
800183
803807
804382
807312
799174
804934
806933
806405
805933
806307
798161
802803
799055
803829
802596
803538
807225
807430
798048
800051
803035
806061
802158
804422
799843
796868
805229
805583
805116
804995
802162
797329
806455
800982
807126
798603
806276
799900
801384
799549
799538
797158
801941
801640
803182
802144
801677
804559
798180
805604
796524
806319
797664
796429
803637
799310
804533
799610
796721
805820
804027
801200
803827
803793
800699
805442
806663
806363
806110
806047
798915
803699
801961
796044
802544
804546
806257
796490
804349
800390
801328
805899
806848
796729
800177
803967
796708
797653
806688
798502
805534
799133
801446
798812
803120
806884
804663
801408
799696
802642
803262
799862
796016
802102
806230
798486
796865
805529
795785
806501
801104
803765
800513
797320
797697
807175
796557
796584
796009
796490
801103
804841
806259
798959
800524
800858
797675
800191
805449
800523
803877
798748
803203
799137
801311
798288
797746
796323
804733
797193
795772
798517
800742
804369
806175
797147
796314
807441
796937
806667
804614
800594
801494
804693
801274
803264
801019
801794
806668
1080172
1054724
1068499
1054318
1067947
1069012
1066967
1058096
1064359
1057246
1078886
1082074
1070885
1081955
1074264
1066676
1080253
1087716
1080579
1084464
1064200
1063062
1073504
1067233
1062591
1085429
1052993
1065571
1078903
1083545
1056817
1058076
1080259
1078396
1053897
1074549
1075220
1054697
1074836
1082720
1086744
1074884
1065501
1073640
1074487
1064337
1058104
1079871
1053806
1083706
1083244
1085654
1076966
1081733
1081365
1057871
1085685
1076431
1068887
1083503
1079154
1081573
1064552
1061608
1081959
1057961
1086775
1074262
1052987
1060901
1073386
1082981
1058438
1068361
1084667
1073330
1080330
1080955
1079371
1066149
1071843
1071450
1055052
1064969
1061008
1054223
1063341
1055911
1070204
1087277
1054505
1082616
1087205
1055177
1073043
1083121
1058949
1066287
1065739
1061991
1075826
1066506
1059570
1072502
1069757
1071758
1055659
1067415
1067292
1072288
1062513
1088023
1075357
1068603
1072662
1061468
1057836
1060673
1075706
1072763
1083477
1053845
1073181
1053131
1064640
1070257
1070412
1061966
1053201
1067544
1067325
1077891
1085327
1081401
1085244
1071515
1054922
1072908
1066853
1077200
1079647
1086141
1077254
1075515
1059934
1083245
1059348
1083900
1055165
1070167
1075975
1076735
1057698
1058011
1053538
1054443
1059361
1081990
1081447
1066643
1069426
1076878
1059981
1054158
1055272
1087299
1086578
1062545
1060202
1059411
1086021
1059567
1073300
1077416
1080667
1069677
1080348
1080556
1055648
1055470
1062772
1053335
1066999
1061821
1061979
1066172
1080668
1064631
1060022
1063445
1081901
1069208
1053164
1068087
1073733
1077384
1063951
1083168
1067920
1065194
1057640
1074313
1056828
1075303
1054888
1083119
1087811
1063015
1071897
1069757
1082254
1062270
1059684
1055891
1087783
1066816
1065485
1087097
1080459
1068632
1060702
1077495
1088091
1056553
1062620
1063319
1067881
1064092
1053709
1084772
1059500
1073032
1053641
1066824
1079382
1061772
1078355
1082113
1067050
1068521
1087787
1067419
1059569
1061878
1075009
1053859
1053531
1064184
1065826
1053294
1066165
1053906
1059841
1071803
1058301
1054312
1077300
1085319
1086037
1062631
1081077
1077190
1070551
1062183
1078481
1052931
1071873
1080773
1069170
1053098
1063227
1057119
1081745
1059499
1064614
1065959
1069300
1054603
1076293
1053746
1086238
1064277
1074728
1084470
1072041
1080694
1075691
1061144
1073154
1075948
1056780
1084474
1058427
1084789
1065752
1064403
1072901
1074389
1070693
1074573
1055431
1062988
1075907
1061275
1069619
1067489
1063118
1054237
1064127
1077410
1054745
1080210
1087828
1087140
1070198
1058316
1067452
1082623
1081815
1064286
1076545
1063332
1068682
1076286
1084076
1069573
1083717
1065710
1082108
1084879
1059054
1058372
1061591
1076288
1059259
1077890
1072308
1083393
1064815
1064215
1070514
1062926
1078540
1081152
1060866
1072819
1083255
1077567
1055594
1079159
1087051
1076720
1066589
1086215
1055141
1075640
1078534
1061552
1078869
1080728
1063655
1057692
1063058
1063740
1073456
1058019
1068115
1056515
1063301
1075082
1082568
1073042
1053173
1059919
1069721
1081982
1074903
1086080
1076722
1053491
1076410
1085757
1061544
1078581
1075711
1087067
1066478
1057309
1064662
1078746
1065361
1076281
1076871
1086367
1083161
1066634
1082255
1087543
1058749
1081302
1083632
1061185
1059790
1068494
1072979
1079715
1065035
1064711
1078101
1060628
1063894
1081203
1081258
1054123
1087300
1054336
1087837
1054674
1069752
1069413
1060902
1068464
1056848
1079061
1072795
1081333
1055325
1081160
1053363
1069600
1061617
1080186
1066524
1087712
1083645
1065424
1055480
1067665
1053940
1060481
1076865
1058270
1072726
1059262
1073472
1062064
1069259
1070805
1069010
1058010
1086348
1055120
1079013
1068063
1075844
1068431
1053666
1076657
1060684
1074290
1059958
1075093
1069594
1065113
1060245
1068489
1069246
1070480
1052921
1056600
1069758
1055841
1076386
1055646
1087985
1083963
1074756
1087608
1071852
1064857
1063805
1077706
1085038
1080455
1070222
1056655
1078507
1073650
1062338
1082075
1072596
1066687
1080122
1083393
1082410
1057830
1074806
1077033
1073630
1079821
1085194
1056250
1080987
1072331
1074516
1063020
1060033
1080169
1054550
1074293
1084633
1053020
1073500
1087843
1054191
1062274
1073737
1068384
1056883
1057920
1077685
1071522
1078497
1064499
1070112
1052780
1055307
1079803
1084077
1087447
1062039
1065524
1056161
1057190
1061615
1074855
1054336
1073915
1082246
1070245
1055970
1054338
1071089
1067490
1084226
1065249
1078952
1076022
1065842
1074147
1054911
1062302
1085297
1057999
1056377
1074409
1055095
1083434
1066330
1062131
1083252
1065569
1071502
1081122
1076533
1081018
1080693
1078742
1055127
1063882
1056642
1065610
1058931
1086036
1055322
1069156
1070884
1068766
1056499
1064141
1082172
1077780
1070306
1075981
1052779
1085848
1069575
1069529
1067871
1087632
1070893
1058756
1072600
1063870
1084578
1063972
1068231
1066846
1078622
1058544
