22635
41395
39075
39078
46600
23968
46601
40069
40068
39079
41398
40067
19465
19464
40066
3640
8094
2792
23960
21309
23961
46609
44427
22632
46607
46604
21305
46605
30266
1459
32446
36805
36806
11508
29269
4963
3636
10655
3637
33779
19478
22647
4980
18144
24822
22645
2317
5829
32432
33761
32431
31581
2795
29278
30252
5820
27091
32439
27092
10665
5826
47911
44885
22614
18598
18115
45734
18594
18596
1000
45738
23942
23943
12814
11966
12815
33751
30241
5832
35938
42211
41363
18124
24802
41360
23959
15099
1495
1494
45728
42215
1008
4518
10648
1489
10647
5842
35924
35923
18576
16395
41350
42202
18578
39033
23926
16399
23927
15068
39037
2350
42688
38183
23921
30222
35910
1016
27047
28378
29225
30220
29224
3676
5856
26190
18102
43520
40010
39021
23934
43521
18588
22604
39025
23938
40011
2361
45705
12803
28385
33722
1029
32872
10626
28384
2356
1024
30692
3685
6713
4535
28382
28380
40482
39496
16371
40003
4550
18550
39497
23905
18552
6730
11919
11918
21725
40008
31533
3217
28355
3696
31538
614
4547
32867
31534
8906
18559
20885
18565
20400
23913
19897
4560
18560
5893
16387
3233
41324
41329
5409
10602
3229
27033
29693
8919
10606
29214
10605
30670
29212
4555
5887
39009
4557
5888
4558
26182
6738
32855
25748
46205
8931
45353
31193
25741
27921
23566
22236
22238
36407
32043
3234
36400
12431
45351
6748
10256
12435
24428
44499
45348
8942
45345
20065
32031
22246
19072
26605
22249
11118
32039
2398
10263
12444
44494
15950
13773
11117
11116
47516
47998
18197
4111
44484
47993
33350
34682
3265
23542
18196
22213
18190
22214
27901
34206
34203
32023
35532
34200
34683
4104
43151
12892
37711
10237
12897
22228
47502
21376
19056
21375
42297
11571
19058
20042
24883
22221
31161
22223
36858
33347
15939
37705
12427
32499
33344
32494
32495
21372
15931
9804
12422
669
7625
13751
15935
11577
37702
12423
35527
32019
20497
5463
20496
47971
5465
19024
18178
6796
32481
19020
22675
22676
3282
670
21348
35514
32488
12879
32483
677
678
3278
6788
45792
5459
6789
12876
15901
15900
35517
20027
43125
42278
43126
43127
5473
20023
42273
47962
43121
42275
42276
35980
22201
23533
36836
31145
36838
12406
31144
207
12400
42272
36832
31149
35506
18158
44444
24835
19007
24837
47954
8510
42265
22650
24832
39094
24831
21326
11525
31134
34644
35974
33310
5478
36820
9835
36823
9838
36824
9839
4163
23517
5011
46610
19497
18162
18163
39083
23512
11539
225
20481
7667
10681
9845
10683
12865
32458
40070
11534
7202
38542
37211
37696
13241
34187
41714
28736
34181
4170
4171
41709
22190
24372
34189
23044
31913
37213
17604
46163
36369
47011
16758
8541
7692
14581
5032
47489
13254
11076
47003
6367
28746
27412
28743
34173
40855
27891
34179
17616
13255
17617
38537
17613
5042
4197
4198
6379
35496
27866
25201
255
40837
35016
25200
38522
39853
38523
11046
38525
45291
38527
45293
1911
5052
12380
9892
7233
14562
38992
6387
16740
38991
13230
12383
15891
28723
27876
23036
35006
34159
26540
27870
16745
12388
13235
45283
13236
12387
13239
10170
9426
43099
12352
9423
33295
24332
33294
25665
25668
22159
277
25660
34147
22151
25662
22153
24330
11023
39831
11025
47451
43092
8584
36792
46596
24344
22168
5070
27858
24349
35469
23494
16722
46592
13211
9428
16726
27829
24318
9442
5088
8116
5089
8117
13661
47435
21286
46585
10151
46586
23463
31094
33274
22135
23467
24799
5081
22138
295
2800
36309
12339
14518
22130
23462
35453
37631
12334
36302
36303
45252
12338
39816
39815
7275
26508
24329
5099
26502
27836
34116
24320
22142
13679
21290
11018
37627
12347
2813
9466
14174
14171
14172
41796
42649
29669
41798
27009
41317
37292
27481
26154
31519
32845
31513
47095
17695
40450
19876
17697
37285
16365
32829
19871
41305
41787
44814
1502
32831
2833
11914
38139
2839
1988
37271
42620
18991
20838
40445
35097
35094
1513
1512
26132
39458
32828
15004
15488
2847
25280
38591
9014
20840
19853
9013
38595
16343
15012
42615
42617
40433
40437
29651
42608
29654
29653
30637
18528
38117
1528
15019
16792
17640
16791
17642
17643
16312
16794
38102
38586
16793
26115
42607
43938
1536
29621
39436
47057
15468
19829
13289
3710
38108
17652
18500
17653
19832
15474
40892
17650
38576
40891
27456
28303
35064
29639
41746
28782
1545
25272
27454
27453
1540
37247
15477
3725
19835
38560
13265
37232
29605
2889
2404
2403
5917
24392
29600
19809
35058
1551
30604
19807
13267
16775
15444
31930
5912
30602
31932
34190
17631
15453
39884
29618
29617
27438
2416
26580
25251
1564
1563
27431
2893
17639
46174
39405
5923
46171
42365
18257
19103
19589
19102
20571
39191
22753
31233
30386
28056
29385
4609
2424
31230
32563
12959
30385
13807
2420
5930
12953
34749
5933
12951
39186
21433
9079
18264
20109
42359
39183
33402
12968
4617
32551
4610
5942
3764
10301
34735
21402
39175
40164
41494
17388
21400
9089
24914
39179
41014
43671
9082
21888
39172
6806
31692
28035
3775
4623
31216
5956
17398
18247
19579
44996
19578
24928
17394
20561
19572
18242
41485
24920
34710
30351
12949
701
32539
6811
705
29372
5967
4637
11612
33867
41473
42321
21863
21861
15188
41475
17364
1140
41478
15180
22711
32523
29346
28497
28013
31671
28014
712
34708
34707
4646
34705
4647
34704
19555
15197
18223
22724
15194
19552
6840
15198
42318
20546
43647
43648
27175
3329
3328
12922
12923
31664
3324
30330
29355
30335
33844
10742
38283
21841
39133
39135
16498
15166
40127
41457
45819
20517
38282
48083
48080
10713
32980
27147
28478
33839
39138
48089
6844
48086
30327
32986
18685
18202
19535
15173
45800
38275
18688
15172
16026
18681
4684
22708
27159
21858
40598
45801
15170
20524
48072
31643
10725
12901
27157
10726
1167
6854
48077
33826
33827
16027
18689
30798
19536
18207
44147
46326
13881
45477
6874
43298
34340
22355
22357
23689
11228
751
34344
32164
33495
13882
758
38700
7716
16914
5539
11226
28905
6883
12560
21033
11230
19194
26722
3373
33481
32150
19191
1193
28904
19193
34337
37849
16927
32158
764
4213
6875
20183
13410
4218
13413
20158
24519
24518
19166
5562
21001
21484
10350
46784
3384
44129
12539
11206
35651
33474
36982
6403
12531
6886
36983
12532
13860
11686
36987
24527
21497
43263
6423
6422
24520
22341
33460
2066
26700
2064
22344
3394
2063
47628
21018
781
11218
35644
12549
7745
789
12542
5566
46771
12540
7747
7746
5569
6415
43262
6418
34318
41081
41077
41076
20135
45437
4251
18296
44584
45431
19143
45432
33450
22311
24972
22313
46769
18290
22315
12518
310
12516
32122
35631
33451
4248
10332
8603
11662
28093
28094
22328
6441
21476
5594
21473
42396
43243
22320
2088
23652
2087
19152
45429
32115
10348
11679
12529
31265
5105
21470
9944
7768
41062
23625
2092
23626
19128
19122
42384
32581
2093
36946
13826
32588
10799
334
13828
34761
33430
12970
7779
35618
13822
10795
10798
12973
36945
23636
21456
21455
5132
45881
24962
30392
24961
22302
20129
28088
11657
30397
36936
33422
28086
30394
36939
30393
31240
30396
13839
12986
12987
37331
37332
24018
41835
41828
36007
26672
28852
26673
30703
12035
12034
30702
30705
5139
15543
30701
14217
16880
13371
8663
6001
5153
47129
13374
9514
12041
6489
9512
35143
26686
20903
24027
34299
6479
7326
17738
13376
17739
9508
8673
14670
9522
13340
22298
41810
41808
22294
25321
26651
16855
9517
44085
46264
14674
47594
44086
46260
15527
38648
12020
13353
38
47102
7358
47586
12022
47103
11174
27517
27518
32090
40954
24481
24483
26660
14203
37785
37304
39965
13355
15532
38635
17710
5184
5185
46249
15982
37771
22275
23124
23125
28810
27967
40937
22271
22272
32087
8208
20095
2907
13321
39955
15983
12475
20093
8207
2905
37777
37778
20091
47570
14656
5198
8227
45389
15990
35584
40931
24467
24466
26646
40927
22283
22284
32077
35585
15513
16844
39942
11154
38612
47561
13339
39948
15515
64
35109
26618
6056
8236
13780
24432
23102
33393
24433
26614
33398
23580
33396
35575
38601
2928
8229
39935
76
13304
37759
9574
20089
8249
20087
23111
35562
24443
19097
19092
23117
7393
36418
2932
34234
23594
23110
16822
13794
37748
44940
19500
15141
39110
38265
14299
15144
38268
16474
40105
36089
21826
40104
30783
48061
24094
30785
26275
48068
93
19987
18659
20984
19994
19512
15157
38255
16485
40578
20506
36077
27138
9593
8261
10701
30772
31621
30773
3808
48058
48056
32958
19999
48053
48052
17783
18632
42742
38242
14271
12097
39574
38245
19960
29768
27588
27104
41419
2966
3815
26254
16459
39578
32946
3812
41880
18641
17794
14283
14284
9133
8286
14281
37386
9137
19971
38235
28448
8284
41408
27110
3826
26260
27592
24085
2974
38236
18649
48036
3820
39569
30754
31600
1648
19978
35190
12074
14255
16432
14252
35199
40546
42726
26237
35194
28417
9141
1657
25385
24054
20927
24056
18616
32926
15106
19947
16435
38227
15104
19949
18613
15108
16438
15592
14260
40531
32909
38696
35186
41864
20943
36030
27571
26241
28420
30736
39545
48012
38217
32914
30737
47162
30732
38219
30734
19956
30733
9167
38683
14230
3860
26698
20913
35175
20907
15568
37357
32902
32900
16419
15569
18600
16422
15574
14241
3871
1693
26224
29733
36010
28408
1689
1686
28401
20918
23197
26223
25375
30714
14247
15579
12068
1209
19935
3867
42488
21542
16195
3881
16199
2550
9181
16194
21546
9185
32203
2547
31357
28174
28175
32202
29028
28179
3872
13921
3878
10413
34867
10412
40296
22404
45984
40293
46832
25915
45981
40299
17056
25919
42479
22401
22885
6917
29035
30496
2558
4739
30499
1222
28189
2552
4731
801
3886
40292
40291
3889
32679
42464
16176
19683
22859
16177
41139
21529
16172
21525
23701
22854
29002
6927
2569
1238
31334
13902
2566
33993
31331
34848
28151
34847
33514
4747
41121
20201
23716
40278
21530
19212
19211
40275
17034
43783
22860
22861
19691
1250
16183
39281
16182
43307
23712
10404
33501
34832
30477
13912
10409
33980
29014
6931
33504
20654
21984
39276
39275
4771
6951
17485
40269
41116
28139
46804
20658
44624
20657
10856
10859
5610
32648
4768
34824
10853
17498
16164
21510
20662
19672
16169
37089
22849
40254
17012
16166
34809
2122
21517
42435
21998
22843
32633
10868
4774
34818
6952
847
10862
4790
37076
4310
41573
2133
20638
42427
29441
27264
1279
3456
4302
7813
4303
5635
5636
4305
34804
32626
10830
39241
16140
20640
6982
16145
40232
15297
42417
41568
3474
42414
38391
10846
2139
10845
29450
10849
5643
7823
6976
33948
30437
23329
47778
45117
42088
5664
42089
34462
24652
35791
3483
3480
13527
35798
24650
15709
44261
10495
12675
42084
12672
38822
44262
6503
13525
13526
6505
42079
26848
25994
34451
3494
26844
35789
3006
34454
32275
21152
13532
6996
10024
12202
12204
12689
11356
10028
13534
7849
22459
44243
7862
20276
6530
6533
24630
26811
23788
26814
35779
33114
33115
894
35775
33110
6524
10473
5677
47750
36621
37953
13982
38802
33118
8705
12654
12655
47746
2180
47747
23319
26829
47744
20287
5210
45563
19299
4366
25972
33582
32251
19290
47748
25977
24646
37947
25970
46891
6535
5204
5205
5206
10489
35769
46404
47735
24616
21105
24618
25949
6550
47731
43374
6552
5224
7885
3046
3043
24611
22436
23767
37936
37937
37938
43371
36600
41194
12634
21116
42033
5235
21593
19272
19271
22445
25953
47729
24625
23778
10469
12647
11319
442
32232
30054
7889
41183
37922
44202
47711
5241
20234
20233
17064
19243
6575
20230
6577
6576
4399
17060
17061
19240
43359
45537
25923
21569
47715
34888
29045
453
13946
8745
6100
24607
20245
47701
22429
19254
41167
45520
5257
6103
32691
17072
31360
20249
22425
20248
32698
33545
33546
30034
12625
30037
29054
32697
34873
466
31361
32695
34871
34870
42491
44670
11775
41160
13952
9620
17840
9623
7443
48104
16991
28976
26797
41958
33092
29820
23283
25464
26794
38302
30820
12159
16515
17852
12163
12162
7457
38773
6126
28987
35263
3098
3096
36117
29831
18708
13015
14347
12166
15675
37448
38779
45061
14349
8310
6133
29807
36581
38760
36583
47237
12132
39610
21087
491
24117
29805
27625
33070
36108
17829
7459
36587
9636
37435
15648
15647
11291
8320
6146
46378
36572
45048
8323
34396
34395
29812
34393
33060
29817
24128
41923
27636
5292
41915
7469
21094
16507
12149
16506
7000
7485
11260
8337
46365
33051
33050
25428
28934
41904
16959
15628
24573
25420
17809
8329
12595
21061
21060
27613
32196
34371
24589
32192
7493
12122
14306
37889
9201
8355
46347
21047
46348
6176
47676
46345
33032
35693
26733
25402
34361
23226
24556
22379
25406
15609
35218
32189
33033
36542
16932
11243
44162
16931
15600
44164
10398
46340
45494
16935
37879
1713
25419
7035
9694
7034
9695
28928
7036
28922
25413
24565
9692
28926
9691
25416
35207
1723
33029
35206
15617
21052
1727
7046
38384
17445
38385
29428
42407
29426
29425
42403
6195
7042
20611
7041
17449
37040
13093
22806
19630
18783
20628
20627
20626
20624
20623
1745
28100
10821
31741
10823
10820
30899
37032
17423
14397
13066
14398
15243
21927
27227
8390
40204
21926
43717
27226
9241
3935
37039
13068
30886
30401
48161
30887
18758
17427
15251
15255
38355
40678
20606
20605
41528
28561
29893
25053
10804
28565
21929
29410
39688
13079
38359
3941
3942
48150
31723
12196
48149
48147
27205
41514
24178
40665
26358
41517
9261
29869
24170
26351
2622
28532
1773
24175
28533
36169
3950
31714
37017
14377
37018
39679
2629
48141
16561
14383
13052
13055
15232
29879
41501
41500
26369
27699
42838
42831
27692
24183
4819
28543
27696
27695
17417
30857
15237
30856
3962
48132
1309
2639
48126
36145
28514
28990
1796
2640
17868
30847
17864
13029
15206
2648
13030
38791
37463
12187
14362
27678
41963
27676
26348
28527
41967
2658
1323
29852
24165
26343
38314
900
48113
901
15698
37469
15219
16549
19348
18010
41277
18012
18497
22510
44306
22511
22512
28298
34502
28295
31477
1334
32328
10531
32327
12710
41263
24705
24708
20341
45626
30134
31465
32797
12727
12728
35829
5700
11871
11875
5705
17145
20797
22977
46941
22979
17141
20792
18473
16299
18474
17140
42589
20799
16290
35810
32783
29126
32306
43422
19337
22506
19331
40398
18485
41243
4883
22500
22501
10526
7908
30113
10529
3545
29138
29136
33626
5725
5727
16275
19304
23804
38067
19300
4893
2231
1384
2230
29107
3560
38060
26074
26078
1376
29102
26079
7910
33618
26070
10971
26072
19308
39384
46911
39383
23814
22968
19798
20782
16289
38058
41222
1395
1394
20304
39382
22964
26084
32754
30576
3567
11837
29114
29113
11839
964
4411
965
33608
4414
7925
11830
32758
5747
19319
7926
16253
17102
22937
6610
38048
16254
46903
3580
42546
34921
28231
28232
34920
10956
971
972
31891
10959
38049
34928
34926
6602
31898
34924
30566
26050
5759
43861
37183
37184
41681
42531
17597
40354
16265
17111
2265
40357
17591
37181
31883
3108
27393
10969
3589
501
504
30559
39369
38039
6613
4436
10960
27392
34913
43059
21267
47897
27809
46564
5785
22596
2273
22597
24777
27801
26956
18093
510
36762
47893
21260
37611
46560
7955
11466
38946
14976
22129
43049
42197
5795
2287
34572
2286
24302
24788
25635
25634
25636
33246
3127
34575
14500
36751
13653
6634
38931
43042
37601
38932
37602
14988
12324
42191
25606
21246
43039
18077
20396
45213
34561
22572
35891
25600
32381
25603
11448
38929
535
8824
5797
8825
7975
10596
12777
13624
10599
21259
44358
42174
7994
45686
45685
3153
22104
3151
18082
34557
35887
32377
35885
543
3146
22582
32374
12784
12783
42173
35408
38912
35406
12787
38914
21223
46521
5342
7520
20373
18056
19387
18057
23881
3163
26911
3161
21227
38905
11429
32362
556
33210
29180
4007
7515
7518
4009
7517
21237
45665
5351
20387
21233
4024
19394
23413
22567
47847
32357
562
32358
33202
32355
12769
3168
11430
20382
6677
10585
10584
11431
12767
11435
10588
24717
22539
43479
5364
19363
8876
3188
22531
22532
20359
47837
3182
32346
12735
14913
31015
10550
4027
4029
10553
34527
34526
41290
7552
18043
5375
8887
21694
18044
20362
44311
45642
42133
26909
22540
22543
44317
21218
29178
32336
14927
14924
12747
14925
30151
33661
20360
11891
11410
10562
14922
34517
9728
32337
34516
11413
7561
17960
8891
5385
35397
22077
22079
24258
35394
26437
27769
40739
18819
25101
35399
18814
6227
45195
7557
39757
8888
8889
15307
6241
9752
15310
14464
14461
25113
36232
27775
26447
28623
42915
40736
22080
25110
29952
26440
34058
27772
14467
15312
39745
15316
13580
10071
30916
13581
6258
25565
34044
23388
25567
35371
38409
36228
36227
23381
17949
36226
35378
138
38885
37556
17948
14438
38405
45172
39739
38408
17951
8441
46499
30906
12263
27755
24245
33183
27754
29938
4081
36214
36696
1808
14445
36697
8437
38877
46010
12267
39727
1801
10050
45158
40700
26873
35352
35350
24214
33171
151
4093
24218
35358
26870
12233
13566
46485
46482
14410
37536
13567
13568
8464
29919
9310
9313
9798
12241
22046
33162
26405
27738
34017
22040
33167
10066
21195
38853
9306
36676
17936
15752
1827
44295
39704
17930
12249
17933
8476
6298
44288
33153
173
6291
177
178
35337
35336
34002
23340
14875
12694
14872
15720
1839
37997
14873
14878
12698
13546
14877
15723
27719
25539
8001
14881
13551
36650
46454
23354
33142
38838
14409
1842
189
33147
21173
13555
12221
38832
47781
15730
13559
17910
42091
1845
37506
43850
9344
16230
15381
41674
19740
17561
41673
32719
38026
16232
10928
43859
32721
30543
28691
28692
1850
10938
34906
38028
16238
19749
9339
2706
1859
18415
32722
30546
15393
39342
16240
38010
38495
37165
15399
17570
40332
17571
8027
17573
28226
20748
40334
1863
30531
32718
32715
1869
18426
37150
15361
37151
19721
15366
30519
39335
20714
40329
41658
27341
10911
2721
1873
32704
32705
4901
32700
17548
38471
9378
19732
16224
30509
16221
40314
41644
20726
20724
40318
42976
27351
1403
10923
27350
31840
26023
1882
25177
31846
30512
30511
19736
9388
39790
38462
37133
15342
40304
40787
40786
40301
40785
29986
4925
26472
1897
26475
30989
39317
39319
46082
37121
16685
39302
40771
40770
27335
26009
36272
3602
2754
41618
2753
2751
37125
37126
38459
31821
19712
4933
1428
14470
37591
15320
31808
28635
8070
27303
29969
28638
3614
22093
28632
22097
12299
39777
37117
39778
17985
1439
17510
18842
39762
46059
37585
26467
41600
34075
26469
36252
42930
27319
41605
3625
30950
1445
27795
27796
27794
4950
38436
31805
38437
30952
5802
3629
5803
46050
4957
