42
150
1533
1629
1647
2508
2655
2706
2724
3165
3198
3942
4638
5079
5880
6093
6252
6420
7053
7494
7590
8112
8214
8238
8244
8601
8736
8817
9099
9120
9198
9354
9912
10077
10080
10266
11118
11700
11742
12015
12321
12360
12858
13110
13161
13242
13497
14109
16773
17697
17925
23082
23628
24303
26436
26745
28065
30135
30978
35301
45882
48645
51021
51603
52416
52848
54756
55827
57267
57447
59205
62412
63195
63336
63444
63747
64725
65670
66054
66519
66960
67461
68133
68319
68325
70284
70341
70389
70860
73080
73920
74145
74871
75891
77025
77148
78591
79395
80829
83379
84042
84063
84723
84933
84939
86964
88077
88338
88542
89346
91827
98289
105930
