1533
4638
5187
5715
5784
5844
6420
7053
7590
8112
8181
8238
8733
9120
9132
9198
9627
10305
10560
11118
11349
12858
13047
14007
14391
17265
17445
17622
17925
18666
19425
19629
19770
20376
22020
22077
22083
22221
22848
23700
25050
26646
35007
35271
35301
46446
46983
47589
48918
49614
50973
51870
52131
54177
54603
55410
56793
59022
59037
59205
60813
61770
63915
64686
66018
68265
70278
70353
72078
72267
73062
73083
74253
74505
75765
76449
76788
76950
77439
80073
80181
85146
86085
86535
87255
87384
87780
88716
91716
92631
94644
96018
100371
101223
104304
106581
