4
10
12
16
22
23
27
31
35
38
64
69
71
76
82
93
98
99
110
119
126
138
145
149
151
171
173
177
178
183
185
189
194
207
214
216
225
228
234
255
259
262
263
272
273
277
289
294
295
296
300
306
310
311
314
321
332
334
335
366
378
380
393
394
404
408
421
422
439
442
453
463
464
465
466
468
475
477
478
480
491
495
496
497
501
504
508
510
528
532
535
537
543
548
549
554
556
562
567
583
586
593
613
614
616
649
669
670
677
678
679
689
698
699
701
705
707
711
712
713
723
724
727
729
735
739
740
750
751
757
758
764
768
779
780
781
784
786
789
792
801
808
813
845
847
848
854
861
869
877
878
879
894
897
899
900
901
903
915
925
951
963
964
965
967
968
969
970
971
972
988
999
1000
1003
1008
1010
1011
1012
1013
1016
1017
1018
1024
1025
1028
1029
1032
1033
1036
1038
1057
1059
1061
1068
1076
1079
1080
1081
1085
1089
1094
1100
1102
1103
1109
1113
1116
1118
1124
1125
1131
1139
1140
1141
1164
1165
1166
1167
1169
1191
1193
1209
1213
1218
1221
1222
1230
1237
1238
1241
1250
1251
1254
1262
1273
1275
1277
1278
1279
1280
1281
1283
1284
1286
1287
1306
1309
1319
1320
1323
1334
1346
1347
1348
1349
1351
1355
1361
1363
1370
1373
1376
1382
1384
1385
1387
1389
1390
1393
1394
1395
1402
1403
1406
1411
1412
1428
1436
1439
1440
1445
1447
1449
1459
1465
1472
1474
1477
1479
1486
1489
1491
1494
1495
1497
1498
1502
1507
1510
1511
1512
1513
1515
1517
1521
1522
1527
1528
1529
1536
1540
1543
1545
1551
1559
1561
1563
1564
1567
1570
1581
1602
1622
1625
1648
1649
1657
1663
1675
1678
1680
1681
1684
1686
1687
1689
1693
1703
1704
1708
1709
1710
1711
1713
1720
1723
1726
1727
1744
1745
1755
1757
1759
1773
1774
1777
1785
1796
1801
1802
1804
1806
1807
1808
1810
1826
1827
1831
1839
1842
1843
1845
1850
1853
1854
1858
1859
1861
1863
1864
1866
1868
1869
1872
1873
1874
1882
1896
1897
1898
1899
1901
1911
1916
1920
1930
1934
1937
1965
1987
1988
1991
1999
2023
2025
2030
2033
2034
2040
2041
2047
2048
2050
2053
2056
2057
2058
2061
2063
2064
2066
2070
2073
2075
2076
2080
2084
2085
2087
2088
2089
2092
2093
2097
2105
2106
2108
2109
2112
2118
2122
2133
2136
2137
2138
2139
2143
2146
2147
2180
2183
2186
2190
2193
2195
2200
2201
2209
2210
2211
2212
2214
2218
2224
2229
2230
2231
2232
2237
2249
2251
2257
2261
2265
2273
2286
2287
2288
2315
2317
2318
2324
2325
2328
2329
2330
2350
2352
2353
2356
2361
2362
2363
2366
2377
2380
2384
2398
2403
2404
2405
2406
2414
2416
2420
2422
2424
2430
2431
2432
2438
2439
2483
2488
2489
2492
2493
2497
2498
2513
2516
2523
2528
2533
2546
2547
2549
2550
2551
2552
2555
2556
2558
2559
2562
2565
2566
2568
2569
2576
2577
2581
2585
2592
2595
2596
2597
2600
2606
2613
2614
2615
2622
2629
2630
2636
2639
2640
2647
2648
2657
2658
2659
2675
2693
2701
2702
2705
2706
2721
2722
2723
2724
2726
2751
2753
2754
2755
2761
2763
2764
2771
2789
2792
2795
2800
2802
2813
2833
2834
2839
2846
2847
2848
2849
2850
2853
2854
2857
2862
2876
2887
2889
2893
2903
2905
2906
2907
2910
2924
2925
2928
2930
2931
2932
2934
2942
2943
2944
2947
2949
2950
2952
2956
2961
2966
2971
2974
2976
2981
2982
2985
3004
3006
3008
3009
3010
3022
3034
3039
3042
3043
3046
3053
3057
3062
3089
3090
3092
3096
3098
3102
3108
3120
3123
3125
3127
3134
3137
3138
3143
3144
3145
3146
3151
3153
3154
3159
3160
3161
3163
3164
3167
3168
3169
3171
3177
3178
3179
3180
3181
3182
3183
3185
3188
3205
3215
3216
3217
3224
3228
3229
3233
3234
3237
3243
3244
3265
3274
3275
3278
3280
3282
3301
3303
3313
3318
3319
3320
3321
3323
3324
3327
3328
3329
3338
3339
3340
3341
3342
3347
3348
3349
3350
3356
3357
3362
3372
3373
3377
3379
3384
3393
3394
3396
3402
3411
3420
3421
3423
3424
3425
3428
3429
3433
3456
3458
3463
3474
3477
3480
3483
3493
3494
3496
3498
3505
3507
3508
3509
3515
3522
3527
3528
3538
3544
3545
3552
3556
3557
3560
3564
3567
3580
3585
3589
3598
3600
3602
3611
3612
3614
3617
3619
3620
3623
3624
3625
3629
3630
3636
3637
3638
3639
3640
3641
3643
3650
3651
3655
3657
3659
3660
3665
3670
3676
3678
3680
3681
3684
3685
3686
3690
3691
3693
3696
3701
3702
3707
3709
3710
3723
3724
3725
3726
3728
3731
3733
3735
3747
3748
3749
3759
3760
3764
3769
3771
3772
3773
3775
3788
3792
3793
3801
3804
3808
3809
3812
3813
3815
3816
3817
3820
3821
3824
3825
3826
3827
3829
3830
3831
3833
3834
3838
3854
3857
3859
3860
3863
3865
3867
3870
3871
3872
3873
3876
3878
3881
3884
3885
3886
3889
3892
3899
3908
3914
3915
3931
3935
3936
3941
3942
3947
3950
3951
3954
3962
3967
3971
3972
3973
3975
3989
4003
4006
4007
4009
4014
4023
4024
4025
4027
4029
4046
4047
4059
4060
4069
4076
4081
4082
4084
4087
4093
4095
4096
4098
4099
4104
4111
4119
4123
4124
4135
4137
4138
4142
4146
4162
4163
4170
4171
4174
4175
4186
4190
4193
4195
4197
4198
4199
4200
4203
4206
4207
4208
4209
4210
4213
4214
4217
4218
4221
4231
4242
4245
4248
4249
4251
4261
4278
4280
4289
4301
4302
4303
4305
4308
4310
4319
4320
4322
4333
4336
4345
4347
4348
4349
4360
4361
4364
4365
4366
4369
4371
4372
4383
4384
4385
4386
4387
4392
4395
4397
4399
4403
4404
4409
4410
4411
4412
4414
4417
4419
4421
4434
4436
4440
4451
4452
4460
4461
4462
4463
4466
4469
4475
4480
4484
4490
4497
4499
4500
4501
4512
4515
4518
4519
4520
4525
4530
4535
4544
4546
4547
4548
4549
4550
4551
4552
4553
4554
4555
4556
4557
4558
4559
4560
4561
4562
4582
4588
4593
4595
4604
4606
4609
4610
4613
4614
4616
4617
4623
4626
4627
4628
4631
4634
4637
4645
4646
4647
4656
4679
4682
4684
4685
4693
4695
4705
4717
4719
4725
4727
4731
4738
4739
4743
4744
4747
4748
4750
4751
4759
4760
4767
4768
4771
4774
4790
4796
4797
4799
4804
4811
4814
4817
4819
4836
4837
4838
4868
4869
4876
4877
4883
4893
4897
4898
4899
4901
4902
4903
4918
4922
4923
4925
4926
4933
4937
4942
4950
4952
4953
4957
4958
4963
4967
4974
4976
4977
4980
4985
5000
5001
5005
5009
5011
5014
5020
5026
5027
5030
5032
5037
5040
5042
5046
5048
5051
5052
5053
5062
5063
5065
5069
5070
5074
5081
5085
5087
5088
5089
5091
5093
5099
5100
5105
5127
5132
5139
5143
5144
5153
5166
5173
5178
5184
5185
5195
5198
5199
5200
5201
5202
5203
5204
5205
5206
5207
5208
5209
5210
5218
5224
5235
5237
5241
5242
5243
5257
5260
5261
5265
5270
5273
5276
5277
5281
5284
5292
5294
5308
5313
5322
5333
5335
5342
5347
5351
5357
5364
5371
5375
5376
5377
5379
5382
5385
5386
5387
5389
5390
5391
5392
5397
5398
5401
5406
5408
5409
5417
5421
5430
5433
5444
5452
5459
5463
5465
5467
5468
5473
5478
5510
5512
5530
5533
5537
5538
5539
5545
5549
5562
5563
5566
5569
5575
5580
5581
5583
5593
5594
5602
5604
5610
5616
5623
5624
5635
5636
5641
5643
5658
5662
5664
5677
5682
5683
5686
5687
5692
5700
5703
5705
5714
5719
5720
5724
5725
5727
5735
5745
5747
5748
5752
5756
5759
5763
5766
5767
5768
5771
5777
5778
5782
5785
5787
5789
5792
5793
5795
5796
5797
5798
5802
5803
5804
5820
5821
5826
5829
5831
5832
5837
5842
5843
5848
5849
5850
5851
5856
5864
5867
5868
5869
5876
5877
5878
5879
5880
5883
5887
5888
5891
5892
5893
5903
5904
5905
5907
5912
5915
5917
5918
5923
5928
5930
5933
5935
5940
5942
5949
5950
5954
5956
5957
5962
5963
5967
5975
5989
5998
6001
6002
6004
6011
6018
6020
6022
6028
6035
6041
6047
6049
6056
6069
6071
6073
6074
6075
6079
6084
6085
6096
6100
6103
6106
6114
6116
6119
6122
6124
6125
6126
6133
6142
6146
6147
6148
6151
6158
6162
6172
6176
6179
6195
6196
6197
6198
6199
6200
6206
6213
6216
6217
6220
6221
6227
6233
6241
6245
6246
6250
6252
6253
6258
6259
6264
6271
6272
6273
6281
6287
6291
6298
6307
6327
6330
6331
6332
6363
6367
6369
6371
6372
6373
6379
6380
6381
6382
6387
6389
6390
6400
6403
6414
6415
6417
6418
6420
6421
6422
6423
6424
6428
6431
6434
6441
6442
6444
6448
6450
6456
6457
6459
6460
6464
6468
6473
6474
6479
6480
6483
6485
6486
6487
6489
6503
6505
6518
6519
6524
6525
6526
6529
6530
6531
6533
6534
6535
6549
6550
6551
6552
6575
6576
6577
6578
6584
6586
6590
6594
6600
6601
6602
6603
6604
6605
6608
6610
6613
6630
6633
6634
6645
6647
6662
6665
6673
6677
6678
6686
6687
6688
6689
6693
6713
6728
6730
6738
6743
6747
6748
6749
6756
6788
6789
6796
6806
6807
6811
6813
6817
6818
6819
6820
6823
6829
6840
6841
6844
6854
6864
6869
6874
6875
6879
6882
6883
6884
6886
6889
6906
6915
6917
6918
6927
6931
6933
6934
6935
6937
6944
6948
6949
6950
6951
6952
6957
6962
6967
6968
6970
6975
6976
6979
6981
6982
6985
6988
6990
6993
6996
7000
7001
7002
7003
7005
7017
7018
7020
7023
7028
7029
7031
7034
7035
7036
7038
7039
7040
7041
7042
7043
7044
7045
7046
7064
7068
7080
7087
7106
7122
7135
7143
7147
7149
7162
7169
7170
7173
7191
7193
7202
7208
7216
7223
7226
7229
7232
7233
7236
7249
7250
7260
7266
7267
7268
7270
7273
7275
7276
7277
7278
7279
7285
7286
7287
7293
7313
7323
7326
7334
7335
7338
7355
7358
7359
7373
7384
7388
7391
7392
7393
7407
7410
7411
7418
7425
7428
7436
7443
7444
7446
7451
7453
7454
7455
7457
7459
7463
7466
7467
7469
7472
7475
7484
7485
7486
7493
7498
7500
7501
7505
7515
7517
7518
7520
7521
7522
7523
7537
7547
7549
7550
7552
7553
7554
7555
7556
7557
7558
7561
7568
7571
7578
7579
7581
7586
7620
7624
7625
7630
7633
7634
7646
7649
7653
7656
7657
7667
7673
7690
7692
7695
7696
7697
7702
7714
7716
7717
7721
7724
7726
7728
7730
7733
7734
7735
7740
7744
7745
7746
7747
7748
7753
7754
7759
7768
7769
7775
7779
7780
7788
7795
7807
7813
7817
7820
7823
7829
7834
7838
7849
7858
7859
7860
7862
7865
7867
7881
7885
7889
7890
7892
7908
7910
7921
7925
7926
7927
7928
7930
7931
7932
7942
7946
7949
7950
7955
7973
7975
7977
7983
7985
7986
7990
7994
7996
8001
8003
8014
8017
8022
8027
8028
8031
8042
8055
8066
8070
8074
8075
8094
8099
8103
8104
8107
8116
8117
8125
8132
8134
8135
8143
8153
8159
8167
8170
8181
8182
8184
8192
8201
8203
8204
8205
8206
8207
8208
8219
8222
8226
8227
8229
8236
8237
8246
8249
8255
8261
8262
8267
8270
8278
8279
8284
8286
8288
8292
8295
8310
8311
8314
8318
8320
8323
8329
8337
8339
8340
8341
8347
8349
8353
8355
8358
8359
8360
8371
8372
8374
8376
8378
8379
8383
8384
8390
8394
8396
8397
8398
8400
8405
8411
8412
8417
8418
8437
8441
8453
8457
8458
8464
8468
8476
8482
8488
8489
8497
8509
8510
8515
8518
8521
8522
8523
8524
8525
8526
8527
8528
8529
8530
8531
8532
8541
8554
8555
8556
8560
8561
8562
8568
8578
8584
8589
8592
8595
8596
8603
8612
8616
8617
8618
8620
8622
8623
8624
8632
8650
8651
8663
8666
8671
8673
8686
8691
8694
8705
8706
8709
8714
8716
8722
8736
8744
8745
8749
8758
8765
8768
8777
8787
8789
8794
8799
8800
8802
8810
8818
8824
8825
8826
8831
8834
8835
8839
8854
8859
8861
8876
8887
8888
8889
8891
8892
8893
8900
8903
8904
8906
8907
8918
8919
8930
8931
8933
8934
8938
8940
8942
8943
8944
8945
8947
8961
8963
8977
8981
8992
8997
9013
9014
9023
9025
9027
9031
9041
9044
9046
9048
9056
9060
9075
9078
9079
9082
9083
9084
9089
9095
9110
9115
9119
9129
9131
9133
9136
9137
9140
9141
9143
9151
9160
9167
9168
9170
9171
9172
9173
9177
9181
9182
9184
9185
9201
9218
9237
9239
9241
9253
9256
9257
9258
9260
9261
9264
9267
9272
9273
9274
9306
9310
9313
9315
9318
9334
9337
9338
9339
9344
9345
9356
9370
9372
9376
9378
9387
9388
9400
9404
9406
9411
9417
9423
9424
9426
9428
9433
9436
9440
9441
9442
9443
9446
9461
9466
9471
9473
9476
9477
9484
9487
9489
9502
9508
9512
9513
9514
9515
9517
9522
9523
9525
9526
9550
9551
9552
9553
9564
9569
9572
9574
9577
9593
9604
9608
9609
9610
9613
9619
9620
9622
9623
9624
9626
9634
9636
9639
9640
9641
9657
9665
9667
9672
9681
9683
9687
9690
9691
9692
9693
9694
9695
9696
9697
9698
9704
9707
9708
9715
9716
9721
9723
9728
9731
9734
9743
9744
9749
9750
9751
9752
9757
9758
9761
9765
9768
9793
9796
9798
9799
9804
9813
9833
9834
9835
9836
9837
9838
9839
9840
9842
9845
9849
9860
9865
9867
9885
9892
9902
9912
9925
9929
9933
9937
9940
9943
9944
9946
9950
9954
9981
9984
9996
9998
9999
10000
10007
10014
10015
10016
10020
10022
10024
10027
10028
10029
10033
10050
10051
10054
10056
10057
10060
10066
10071
10072
10073
10076
10082
10100
10101
10116
10121
10142
10145
10150
10151
10156
10160
10170
10173
10174
10178
10180
10188
10189
10192
10196
10197
10201
10219
10222
10223
10227
10237
10249
10256
10263
10299
10300
10301
10306
10316
10320
10325
10330
10332
10338
10339
10346
10348
10349
10350
10352
10355
10377
10384
10392
10395
10397
10398
10399
10402
10403
10404
10408
10409
10410
10411
10412
10413
10418
10426
10432
10434
10435
10438
10441
10442
10443
10456
10460
10468
10469
10471
10473
10475
10477
10480
10481
10482
10484
10489
10490
10491
10495
10499
10500
10502
10507
10511
10515
10518
10519
10526
10527
10529
10530
10531
10533
10536
10537
10538
10550
10553
10562
10576
10582
10584
10585
10586
10588
10591
10592
10594
10596
10598
10599
10600
10601
10602
10603
10604
10605
10606
10617
10625
10626
10627
10646
10647
10648
10655
10660
10662
10665
10666
10667
10668
10676
10681
10683
10684
10687
10691
10698
10701
10706
10707
10708
10710
10711
10712
10713
10714
10715
10721
10723
10725
10726
10728
10730
10731
10732
10733
10737
10742
10749
10751
10758
10770
10771
10785
10790
10795
10796
10797
10798
10799
10801
10804
10805
10806
10813
10817
10820
10821
10823
10828
10830
10833
10837
10839
10841
10842
10843
10844
10845
10846
10847
10848
10849
10853
10856
10859
10860
10861
10862
10864
10865
10866
10868
10869
10870
10880
10882
10888
10898
10904
10907
10909
10911
10915
10918
10921
10922
10923
10925
10928
10938
10948
10950
10956
10959
10960
10964
10969
10971
10982
10990
10993
10995
11001
11002
11009
11011
11013
11014
11018
11022
11023
11025
11027
11046
11051
11056
11058
11063
11076
11081
11094
11106
11115
11116
11117
11118
11128
11129
11140
11146
11148
11150
11154
11162
11172
11174
11188
11194
11205
11206
11211
11212
11214
11215
11216
11217
11218
11223
11224
11226
11228
11230
11242
11243
11250
11251
11253
11260
11263
11266
11268
11278
11279
11282
11284
11289
11290
11291
11306
11311
11319
11320
11340
11341
11342
11352
11356
11367
11372
11373
11380
11391
11392
11407
11410
11411
11412
11413
11414
11416
11429
11430
11431
11435
11446
11448
11449
11452
11458
11463
11466
11476
11479
11482
11484
11486
11497
11499
11505
11508
11521
11522
11524
11525
11534
11539
11542
11548
11549
11559
11562
11571
11573
11574
11575
11577
11583
11584
11585
11589
11590
11591
11592
11593
11607
11612
11619
11620
11623
11627
11631
11632
11639
11648
11657
11661
11662
11663
11679
11680
11682
11686
11710
11726
11732
11744
11746
11747
11758
11759
11761
11762
11763
11770
11771
11773
11775
11776
11790
11802
11809
11812
11813
11821
11830
11836
11837
11839
11849
11851
11865
11871
11875
11880
11887
11889
11891
11893
11895
11896
11897
11901
11914
11918
11919
11926
11927
11930
11931
11945
11948
11949
11956
11957
11966
11969
11970
11981
11986
11999
12000
12003
12004
12008
12013
12014
12020
12022
12025
12026
12031
12032
12034
12035
12037
12041
12051
12064
12068
12073
12074
12092
12097
12103
12104
12107
12110
12114
12115
12120
12122
12123
12124
12132
12135
12145
12149
12150
12152
12155
12156
12158
12159
12160
12161
12162
12163
12164
12166
12167
12169
12170
12172
12176
12187
12189
12191
12193
12196
12197
12202
12203
12204
12205
12207
12210
12216
12221
12226
12233
12234
12237
12239
12240
12241
12247
12249
12252
12256
12263
12267
12276
12278
12299
12306
12322
12324
12325
12334
12338
12339
12347
12348
12352
12353
12354
12361
12372
12373
12377
12380
12381
12383
12386
12387
12388
12389
12390
12391
12392
12393
12394
12396
12399
12400
12404
12405
12406
12407
12409
12410
12411
12412
12414
12415
12416
12417
12420
12422
12423
12424
12425
12426
12427
12431
12433
12435
12439
12444
12447
12457
12458
12459
12463
12466
12474
12475
12476
12477
12478
12491
12494
12506
12507
12512
12513
12516
12518
12520
12528
12529
12531
12532
12533
12534
12536
12539
12540
12541
12542
12549
12557
12558
12559
12560
12561
12562
12563
12564
12575
12576
12577
12581
12582
12587
12588
12595
12597
12604
12605
12609
12611
12612
12619
12620
12625
12626
12627
12628
12629
12630
12634
12636
12637
12638
12639
12641
12644
12647
12648
12650
12651
12652
12653
12654
12655
12672
12673
12675
12678
12679
12681
12689
12694
12695
12698
12699
12710
12717
12718
12721
12725
12726
12727
12728
12735
12736
12738
12743
12744
12747
12748
12751
12752
12753
12756
12759
12766
12767
12769
12776
12777
12781
12783
12784
12785
12786
12787
12789
12791
12797
12798
12799
12801
12803
12805
12807
12808
12809
12814
12815
12818
12831
12832
12833
12834
12840
12841
12843
12844
12845
12846
12852
12856
12862
12863
12864
12865
12866
12870
12876
12879
12880
12887
12888
12889
12891
12892
12893
12896
12897
12898
12899
12901
12902
12903
12907
12915
12916
12922
12923
12924
12930
12931
12932
12934
12941
12946
12949
12951
12953
12954
12956
12957
12959
12961
12962
12964
12967
12968
12969
12970
12971
12972
12973
12975
12976
12977
12978
12979
12980
12981
12982
12983
12984
12985
12986
12987
12993
12998
13001
13003
13011
13015
13017
13019
13020
13021
13028
13029
13030
13031
13032
13033
13036
13051
13052
13053
13055
13062
13066
13067
13068
13075
13076
13077
13079
13081
13083
13085
13092
13093
13095
13100
13102
13192
13198
13199
13203
13207
13208
13210
13211
13212
13213
13214
13215
13221
13226
13227
13228
13229
13230
13232
13235
13236
13239
13241
13250
13254
13255
13261
13265
13266
13267
13268
13269
13272
13275
13276
13277
13279
13289
13290
13292
13299
13300
13304
13305
13307
13319
13321
13332
13334
13337
13339
13340
13346
13348
13349
13352
13353
13354
13355
13359
13361
13362
13363
13364
13365
13366
13370
13371
13372
13374
13375
13376
13379
13385
13389
13390
13392
13404
13405
13406
13408
13409
13410
13413
13417
13418
13425
13426
13434
13480
13486
13493
13499
13506
13518
13525
13526
13527
13528
13529
13530
13531
13532
13533
13534
13540
13541
13546
13547
13551
13552
13553
13555
13556
13558
13559
13561
13563
13566
13567
13568
13579
13580
13581
13591
13592
13593
13601
13607
13612
13621
13622
13624
13626
13627
13629
13652
13653
13654
13655
13661
13670
13679
13688
13690
13691
13724
13734
13735
13737
13739
13741
13743
13744
13751
13753
13754
13755
13756
13758
13762
13763
13766
13767
13770
13771
13772
13773
13774
13778
13780
13785
13787
13794
13796
13805
13807
13812
13820
13822
13823
13826
13827
13828
13829
13830
13839
13860
13864
13866
13874
13875
13877
13878
13879
13881
13882
13883
13899
13902
13904
13911
13912
13913
13914
13917
13921
13928
13929
13930
13939
13944
13946
13952
13954
13969
13982
14042
14044
14045
14150
14151
14153
14159
14166
14170
14171
14172
14174
14178
14179
14188
14192
14193
14194
14202
14203
14214
14215
14217
14228
14229
14230
14232
14233
14236
14237
14238
14239
14241
14243
14247
14248
14252
14255
14256
14260
14261
14265
14266
14269
14271
14281
14283
14284
14285
14286
14287
14288
14289
14290
14291
14298
14299
14306
14310
14311
14313
14314
14317
14318
14320
14321
14326
14327
14328
14332
14333
14342
14347
14349
14350
14356
14358
14359
14362
14365
14367
14377
14383
14387
14390
14391
14394
14397
14398
14399
14402
14404
14409
14410
14411
14413
14414
14417
14418
14419
14424
14428
14438
14440
14441
14442
14444
14445
14446
14448
14449
14450
14458
14459
14461
14463
14464
14467
14470
14479
14480
14481
14489
14492
14497
14500
14508
14516
14517
14518
14519
14524
14525
14527
14528
14529
14531
14538
14539
14548
14555
14557
14558
14560
14562
14566
14580
14581
14638
14653
14655
14656
14657
14660
14662
14664
14666
14668
14670
14672
14674
14676
14821
14836
14840
14841
14845
14849
14850
14872
14873
14875
14877
14878
14881
14882
14889
14896
14901
14902
14904
14911
14913
14914
14918
14922
14924
14925
14926
14927
14931
14934
14939
14944
14950
14961
14962
14968
14976
14977
14978
14988
14990
14991
14992
14993
14995
14996
14997
15004
15012
15013
15019
15021
15025
15032
15034
15036
15038
15040
15049
15051
15058
15059
15064
15068
15072
15077
15080
15089
15090
15096
15098
15099
15101
15104
15105
15106
15108
15112
15116
15128
15130
15136
15139
15140
15141
15142
15144
15146
15149
15152
15153
15157
15159
15162
15166
15167
15169
15170
15172
15173
15175
15179
15180
15184
15186
15188
15191
15192
15194
15196
15197
15198
15199
15200
15201
15202
15205
15206
15208
15218
15219
15220
15223
15227
15230
15232
15233
15236
15237
15243
15244
15245
15246
15251
15255
15259
15260
15261
15265
15267
15270
15275
15276
15281
15283
15284
15287
15295
15297
15299
15301
15302
15307
15310
15311
15312
15313
15316
15320
15323
15325
15326
15327
15329
15331
15332
15336
15342
15344
15346
15353
15361
15365
15366
15371
15372
15373
15374
15375
15376
15377
15378
15381
15382
15384
15385
15393
15399
15411
15414
15416
15430
15431
15432
15433
15435
15436
15437
15438
15439
15440
15441
15442
15443
15444
15445
15446
15447
15453
15458
15459
15466
15468
15469
15471
15474
15475
15476
15477
15478
15480
15485
15486
15488
15498
15500
15508
15513
15515
15518
15519
15520
15521
15522
15526
15527
15532
15542
15543
15544
15548
15549
15550
15553
15566
15568
15569
15570
15574
15575
15579
15582
15587
15589
15591
15592
15593
15597
15598
15600
15602
15604
15607
15609
15615
15617
15619
15622
15628
15635
15637
15640
15647
15648
15649
15655
15658
15666
15668
15669
15673
15675
15676
15677
15678
15680
15682
15694
15695
15698
15709
15711
15716
15717
15720
15722
15723
15730
15732
15741
15749
15750
15751
15752
15891
15899
15900
15901
15902
15906
15907
15908
15909
15912
15914
15918
15919
15923
15924
15925
15927
15931
15934
15935
15936
15937
15938
15939
15944
15945
15946
15948
15949
15950
15954
15955
15957
15959
15961
15967
15968
15976
15981
15982
15983
15984
15989
15990
15992
15996
15997
16010
16011
16015
16023
16024
16025
16026
16027
16140
16145
16149
16152
16158
16164
16165
16166
16169
16172
16176
16177
16178
16182
16183
16190
16194
16195
16199
16204
16206
16210
16218
16219
16220
16221
16222
16224
16225
16228
16229
16230
16231
16232
16233
16234
16238
16239
16240
16242
16243
16244
16245
16246
16247
16248
16249
16250
16251
16252
16253
16254
16260
16265
16275
16276
16277
16282
16289
16290
16292
16294
16298
16299
16300
16303
16304
16305
16306
16307
16308
16309
16310
16311
16312
16313
16314
16321
16322
16323
16324
16325
16326
16334
16343
16348
16349
16353
16358
16365
16369
16371
16375
16383
16386
16387
16388
16389
16391
16394
16395
16396
16397
16398
16399
16402
16405
16408
16410
16411
16412
16413
16414
16416
16417
16418
16419
16420
16422
16432
16434
16435
16436
16438
16439
16443
16444
16456
16457
16459
16461
16463
16468
16469
16470
16474
16476
16485
16486
16491
16498
16500
16503
16504
16505
16506
16507
16510
16515
16516
16517
16527
16529
16536
16542
16547
16548
16549
16560
16561
16685
16697
16700
16714
16715
16716
16717
16718
16720
16721
16722
16723
16724
16725
16726
16727
16728
16729
16730
16731
16732
16738
16740
16742
16743
16745
16746
16753
16754
16755
16756
16758
16761
16762
16763
16764
16765
16767
16772
16774
16775
16776
16777
16778
16780
16781
16782
16790
16791
16792
16793
16794
16795
16799
16802
16808
16816
16818
16822
16831
16832
16833
16843
16844
16855
16866
16867
16873
16874
16875
16877
16878
16880
16889
16891
16892
16897
16912
16913
16914
16915
16916
16919
16920
16923
16924
16927
16928
16929
16930
16931
16932
16933
16934
16935
16936
16937
16938
16943
16945
16951
16954
16956
16958
16959
16960
16961
16970
16979
16981
16985
16986
16987
16991
16992
16993
17002
17008
17010
17012
17019
17020
17033
17034
17037
17044
17045
17049
17050
17052
17054
17056
17060
17061
17062
17064
17065
17066
17070
17071
17072
17073
17093
17098
17102
17103
17108
17111
17112
17116
17117
17123
17133
17137
17140
17141
17145
17150
17152
17169
17170
17337
17342
17345
17353
17358
17359
17364
17365
17367
17381
17382
17383
17385
17388
17394
17397
17398
17408
17416
17417
17420
17423
17424
17425
17426
17427
17432
17435
17438
17440
17441
17445
17449
17450
17459
17463
17471
17481
17482
17485
17486
17487
17488
17489
17490
17491
17492
17493
17494
17495
17498
17503
17504
17507
17510
17518
17523
17526
17530
17547
17548
17552
17561
17565
17568
17570
17571
17573
17575
17579
17581
17583
17585
17587
17589
17591
17593
17597
17602
17604
17605
17609
17610
17613
17616
17617
17618
17619
17624
17626
17631
17634
17636
17637
17638
17639
17640
17641
17642
17643
17644
17645
17646
17647
17648
17649
17650
17652
17653
17656
17661
17677
17685
17687
17690
17691
17693
17694
17695
17697
17698
17704
17710
17721
17722
17728
17736
17737
17738
17739
17742
17753
17754
17766
17767
17768
17772
17776
17782
17783
17784
17789
17791
17793
17794
17795
17796
17797
17798
17799
17800
17801
17802
17803
17804
17805
17806
17809
17810
17812
17813
17817
17824
17829
17840
17841
17847
17851
17852
17853
17855
17863
17864
17868
17869
17870
17871
17873
17876
17877
17878
17882
17885
17893
17894
17895
17896
17897
17910
17913
17930
17931
17932
17933
17936
17948
17949
17951
17952
17953
17958
17960
17968
17969
17975
17980
17985
17990
18001
18002
18005
18010
18011
18012
18017
18018
18020
18029
18035
18036
18037
18042
18043
18044
18046
18055
18056
18057
18062
18068
18069
18077
18081
18082
18093
18099
18102
18104
18106
18108
18113
18115
18116
18122
18124
18125
18132
18133
18134
18135
18140
18144
18145
18146
18158
18162
18163
18164
18174
18176
18178
18186
18190
18196
18197
18199
18202
18204
18207
18208
18209
18210
18212
18213
18215
18218
18219
18223
18224
18225
18226
18230
18232
18234
18238
18239
18240
18242
18243
18246
18247
18252
18257
18258
18264
18265
18267
18269
18272
18275
18279
18288
18289
18290
18296
18299
18304
18411
18412
18414
18415
18421
18422
18425
18426
18427
18429
18433
18439
18440
18445
18455
18460
18461
18473
18474
18485
18487
18497
18498
18500
18502
18505
18510
18511
18517
18521
18526
18528
18529
18530
18536
18537
18538
18539
18550
18552
18553
18555
18558
18559
18560
18561
18563
18565
18575
18576
18577
18578
18579
18580
18583
18585
18586
18587
18588
18593
18594
18596
18598
18600
18601
18611
18613
18614
18615
18616
18623
18625
18626
18627
18632
18634
18636
18639
18641
18649
18652
18659
18661
18664
18667
18668
18670
18673
18681
18685
18687
18688
18689
18690
18692
18693
18696
18697
18700
18701
18702
18704
18708
18709
18710
18718
18735
18744
18758
18759
18760
18761
18762
18766
18771
18781
18783
18785
18802
18814
18815
18816
18817
18818
18819
18820
18826
18839
18842
18843
18988
18989
18990
18991
18993
18995
18996
19001
19004
19006
19007
19011
19012
19017
19018
19019
19020
19024
19035
19042
19043
19049
19056
19057
19058
19061
19072
19083
19084
19089
19091
19092
19093
19097
19102
19103
19105
19113
19122
19126
19127
19128
19136
19137
19140
19143
19144
19151
19152
19158
19159
19162
19163
19166
19167
19171
19176
19189
19191
19193
19194
19197
19198
19203
19207
19208
19209
19210
19211
19212
19219
19229
19236
19238
19240
19241
19243
19252
19253
19254
19255
19262
19266
19267
19268
19269
19270
19271
19272
19277
19278
19286
19287
19288
19289
19290
19291
19294
19296
19299
19300
19302
19303
19304
19305
19306
19308
19311
19313
19319
19327
19328
19329
19331
19337
19338
19339
19340
19342
19344
19345
19347
19348
19349
19363
19376
19380
19381
19386
19387
19394
19395
19406
19412
19413
19421
19422
19436
19441
19446
19447
19448
19449
19450
19452
19455
19458
19460
19461
19463
19464
19465
19475
19478
19481
19489
19492
19496
19497
19498
19500
19507
19508
19509
19511
19512
19526
19529
19530
19532
19534
19535
19536
19537
19538
19552
19555
19569
19572
19574
19578
19579
19585
19586
19587
19588
19589
19599
19600
19601
19602
19606
19608
19609
19610
19611
19615
19616
19619
19620
19621
19626
19627
19630
19642
19654
19661
19662
19663
19672
19678
19679
19683
19691
19692
19699
19700
19702
19704
19707
19711
19712
19716
19717
19721
19722
19732
19736
19740
19749
19750
19751
19752
19753
19754
19755
19761
19762
19764
19771
19775
19776
19781
19784
19791
19794
19798
19800
19807
19808
19809
19810
19817
19818
19824
19825
19826
19828
19829
19830
19831
19832
19834
19835
19848
19853
19854
19855
19862
19866
19867
19868
19871
19875
19876
19881
19894
19896
19897
19899
19918
19927
19930
19935
19947
19949
19952
19954
19955
19956
19957
19958
19959
19960
19961
19962
19970
19971
19975
19976
19978
19979
19982
19983
19985
19987
19993
19994
19999
20002
20004
20007
20009
20011
20019
20020
20022
20023
20024
20026
20027
20028
20029
20030
20031
20036
20039
20041
20042
20063
20064
20065
20066
20080
20084
20087
20088
20089
20091
20092
20093
20095
20096
20101
20109
20113
20118
20121
20127
20129
20130
20131
20133
20134
20135
20136
20147
20153
20154
20155
20158
20163
20170
20182
20183
20196
20199
20201
20202
20206
20208
20214
20217
20223
20226
20227
20230
20233
20234
20244
20245
20248
20249
20259
20261
20262
20273
20276
20281
20283
20284
20287
20290
20296
20299
20304
20305
20306
20332
20340
20341
20347
20349
20356
20357
20358
20359
20360
20362
20363
20373
20382
20385
20387
20391
20394
20396
20397
20399
20400
20405
20406
20429
20433
20442
20443
20444
20445
20446
20447
20448
20453
20458
20459
20460
20462
20464
20465
20466
20468
20469
20470
20472
20479
20481
20485
20495
20496
20497
20504
20506
20517
20521
20523
20524
20527
20528
20532
20533
20536
20538
20540
20543
20546
20551
20553
20561
20571
20572
20584
20585
20586
20602
20605
20606
20610
20611
20618
20623
20624
20625
20626
20627
20628
20636
20638
20640
20650
20654
20657
20658
20659
20661
20662
20678
20679
20687
20695
20702
20703
20704
20711
20713
20714
20720
20724
20726
20729
20740
20743
20746
20748
20750
20753
20763
20767
20769
20770
20777
20780
20782
20789
20790
20791
20792
20793
20794
20795
20797
20799
20808
20809
20816
20822
20823
20824
20826
20829
20838
20840
20843
20844
20845
20846
20853
20854
20856
20865
20873
20874
20875
20879
20885
20903
20907
20913
20914
20915
20916
20917
20918
20920
20921
20923
20925
20926
20927
20929
20931
20942
20943
20944
20947
20950
20954
20955
20956
20959
20962
20970
20978
20984
20992
20996
20998
21001
21004
21012
21015
21016
21018
21022
21032
21033
21035
21036
21038
21041
21044
21045
21047
21052
21060
21061
21062
21074
21078
21080
21081
21082
21083
21087
21088
21091
21094
21099
21105
21107
21115
21116
21126
21127
21131
21132
21142
21150
21151
21152
21155
21159
21165
21173
21179
21180
21181
21182
21183
21184
21185
21188
21191
21195
21203
21215
21218
21222
21223
21226
21227
21233
21235
21237
21241
21242
21243
21244
21245
21246
21254
21255
21257
21259
21260
21267
21276
21279
21286
21290
21296
21305
21307
21309
21313
21317
21320
21321
21322
21323
21326
21327
21329
21330
21332
21333
21335
21336
21337
21340
21343
21344
21346
21347
21348
21355
21356
21359
21360
21367
21372
21373
21374
21375
21376
21378
21380
21382
21386
21389
21397
21398
21400
21401
21402
21404
21405
21406
21408
21409
21431
21433
21434
21443
21453
21454
21455
21456
21458
21459
21460
21462
21464
21469
21470
21471
21473
21474
21475
21476
21479
21481
21482
21484
21490
21492
21495
21497
21502
21505
21507
21510
21511
21514
21515
21516
21517
21518
21519
21520
21522
21523
21524
21525
21529
21530
21532
21533
21535
21536
21537
21540
21541
21542
21543
21546
21547
21553
21556
21562
21568
21569
21570
21577
21587
21592
21593
21602
21603
21604
21605
21618
21635
21673
21679
21694
21699
21706
21725
21731
21745
21826
21829
21841
21845
21857
21858
21859
21861
21862
21863
21866
21872
21879
21888
21909
21926
21927
21929
21930
21932
21935
21938
21941
21965
21982
21983
21984
21998
21999
22000
22009
22025
22026
22029
22039
22040
22046
22049
22067
22068
22077
22078
22079
22080
22081
22082
22083
22085
22086
22092
22093
22097
22098
22104
22105
22124
22129
22130
22131
22135
22137
22138
22139
22141
22142
22148
22149
22150
22151
22152
22153
22154
22155
22156
22157
22158
22159
22160
22161
22164
22166
22168
22169
22170
22171
22175
22176
22177
22182
22187
22188
22189
22190
22195
22199
22201
22205
22206
22207
22208
22209
22210
22211
22213
22214
22219
22221
22222
22223
22227
22228
22229
22234
22236
22238
22241
22246
22247
22248
22249
22259
22264
22265
22266
22267
22268
22269
22270
22271
22272
22273
22274
22275
22276
22277
22278
22280
22281
22283
22284
22286
22287
22289
22290
22292
22293
22294
22297
22298
22299
22301
22302
22303
22305
22306
22308
22309
22311
22313
22315
22317
22318
22320
22321
22323
22324
22325
22326
22328
22329
22330
22331
22333
22334
22335
22337
22338
22339
22341
22342
22343
22344
22345
22347
22351
22352
22354
22355
22356
22357
22361
22365
22367
22368
22372
22373
22378
22379
22380
22381
22382
22383
22384
22385
22386
22387
22388
22389
22390
22391
22392
22393
22395
22396
22398
22399
22401
22402
22404
22405
22411
22413
22418
22422
22424
22425
22427
22429
22430
22434
22435
22436
22439
22440
22441
22445
22448
22450
22452
22454
22455
22457
22458
22459
22460
22477
22478
22482
22483
22485
22486
22490
22491
22494
22496
22497
22498
22499
22500
22501
22506
22507
22508
22509
22510
22511
22512
22513
22518
22522
22527
22531
22532
22533
22535
22536
22537
22538
22539
22540
22541
22542
22543
22544
22545
22548
22554
22557
22558
22560
22561
22566
22567
22570
22572
22573
22576
22581
22582
22583
22586
22593
22594
22595
22596
22597
22599
22600
22604
22607
22611
22613
22614
22615
22617
22629
22632
22633
22635
22638
22645
22647
22648
22650
22651
22652
22657
22658
22661
22662
22663
22664
22665
22666
22667
22669
22674
22675
22676
22677
22678
22679
22683
22691
22692
22703
22705
22706
22708
22709
22710
22711
22715
22717
22718
22720
22721
22722
22724
22725
22726
22728
22733
22734
22735
22739
22740
22741
22747
22750
22753
22754
22758
22759
22761
22774
22788
22802
22804
22805
22806
22813
22814
22815
22816
22818
22819
22820
22821
22823
22833
22834
22837
22838
22842
22843
22849
22854
22855
22859
22860
22861
22862
22864
22873
22875
22876
22885
22886
22890
22892
22905
22915
22918
22924
22931
22937
22938
22940
22941
22952
22957
22964
22967
22968
22976
22977
22979
22988
22990
23022
23036
23044
23051
23056
23057
23068
23070
23072
23074
23075
23077
23089
23100
23101
23102
23103
23104
23106
23109
23110
23111
23115
23117
23120
23124
23125
23134
23137
23140
23143
23155
23158
23161
23162
23163
23169
23170
23171
23178
23188
23190
23192
23197
23198
23224
23225
23226
23230
23234
23235
23237
23280
23283
23319
23323
23329
23338
23340
23341
23346
23347
23348
23354
23359
23369
23381
23382
23388
23403
23413
23422
23426
23427
23428
23430
23431
23432
23433
23437
23443
23446
23459
23462
23463
23464
23467
23472
23482
23483
23486
23491
23493
23494
23500
23512
23517
23519
23523
23525
23526
23527
23533
23534
23538
23539
23542
23565
23566
23571
23572
23578
23580
23594
23596
23599
23609
23615
23616
23617
23623
23624
23625
23626
23636
23638
23652
23656
23667
23672
23673
23675
23678
23679
23681
23682
23689
23690
23691
23692
23693
23694
23695
23700
23701
23702
23703
23704
23705
23706
23711
23712
23713
23714
23715
23716
23720
23731
23739
23767
23773
23778
23782
23785
23788
23795
23804
23808
23809
23813
23814
23815
23816
23817
23818
23819
23823
23826
23852
23854
23857
23858
23859
23866
23870
23878
23881
23884
23885
23892
23897
23898
23905
23908
23910
23913
23920
23921
23924
23925
23926
23927
23928
23930
23933
23934
23935
23938
23941
23942
23943
23944
23954
23955
23959
23960
23961
23962
23963
23967
23968
23975
23980
23981
23990
24018
24025
24026
24027
24029
24033
24047
24052
24054
24056
24058
24060
24065
24068
24069
24075
24078
24084
24085
24090
24092
24094
24099
24102
24117
24128
24137
24138
24149
24151
24152
24153
24154
24155
24165
24169
24170
24171
24175
24177
24178
24183
24193
24194
24199
24203
24204
24209
24214
24215
24218
24219
24230
24231
24232
24238
24241
24242
24245
24246
24247
24248
24249
24254
24258
24269
24271
24295
24301
24302
24304
24307
24317
24318
24320
24328
24329
24330
24332
24344
24349
24352
24359
24364
24368
24372
24374
24375
24376
24390
24391
24392
24393
24413
24416
24417
24422
24428
24432
24433
24438
24441
24442
24443
24444
24446
24449
24455
24456
24457
24459
24460
24466
24467
24475
24481
24482
24483
24493
24505
24517
24518
24519
24520
24521
24523
24524
24525
24527
24528
24530
24539
24542
24550
24553
24554
24556
24557
24558
24565
24568
24570
24571
24572
24573
24574
24576
24582
24589
24595
24604
24605
24607
24609
24610
24611
24612
24613
24614
24616
24617
24618
24619
24620
24621
24623
24624
24625
24626
24629
24630
24646
24648
24650
24651
24652
24653
24658
24662
24665
24669
24674
24680
24681
24696
24697
24698
24705
24707
24708
24709
24714
24715
24717
24718
24719
24725
24731
24747
24748
24749
24753
24754
24777
24785
24788
24795
24797
24798
24799
24801
24802
24818
24819
24822
24823
24824
24825
24826
24827
24831
24832
24833
24834
24835
24836
24837
24840
24852
24854
24864
24874
24883
24891
24895
24899
24914
24918
24920
24928
24948
24961
24962
24972
24973
24981
24982
24983
24992
24996
24997
25006
25007
25008
25010
25018
25023
25024
25026
25039
25040
25041
25047
25048
25051
25053
25054
25055
25056
25076
25077
25080
25081
25088
25094
25101
25102
25103
25108
25110
25113
25123
25128
25133
25149
25159
25160
25162
25166
25171
25177
25178
25182
25188
25190
25193
25194
25198
25200
25201
25209
25251
25269
25272
25277
25280
25286
25292
25297
25298
25299
25300
25302
25304
25308
25309
25321
25350
25355
25360
25362
25363
25374
25375
25381
25383
25384
25385
25386
25393
25395
25396
25397
25398
25399
25402
25406
25413
25416
25419
25420
25426
25427
25428
25429
25438
25450
25452
25461
25464
25479
25485
25486
25487
25488
25509
25511
25519
25523
25527
25528
25529
25530
25531
25538
25539
25540
25543
25565
25567
25568
25575
25583
25587
25588
25590
25591
25592
25593
25594
25595
25597
25600
25602
25603
25606
25607
25617
25619
25633
25634
25635
25636
25638
25644
25647
25660
25662
25665
25668
25671
25672
25674
25676
25686
25693
25703
25710
25711
25724
25729
25730
25741
25743
25748
25762
25763
25776
25783
25784
25797
25817
25821
25829
25838
25869
25870
25872
25876
25879
25884
25885
25888
25896
25898
25908
25910
25914
25915
25916
25919
25921
25923
25925
25926
25929
25930
25931
25937
25942
25949
25953
25962
25970
25972
25973
25974
25977
25988
25990
25993
25994
25995
26008
26009
26011
26023
26028
26040
26050
26058
26061
26062
26066
26068
26069
26070
26071
26072
26073
26074
26077
26078
26079
26083
26084
26096
26105
26107
26108
26113
26115
26119
26120
26122
26123
26124
26130
26132
26144
26154
26158
26159
26164
26176
26178
26179
26182
26188
26190
26197
26206
26207
26211
26221
26223
26224
26229
26230
26231
26236
26237
26238
26241
26245
26249
26254
26255
26256
26260
26262
26265
26275
26280
26282
26284
26293
26300
26314
26334
26335
26336
26338
26343
26347
26348
26349
26350
26351
26352
26353
26354
26355
26357
26358
26359
26361
26365
26366
26367
26369
26376
26382
26388
26392
26404
26405
26411
26412
26427
26428
26437
26438
26440
26443
26446
26447
26456
26465
26466
26467
26469
26472
26475
26476
26477
26479
26488
26497
26501
26502
26507
26508
26509
26526
26535
26536
26537
26540
26541
26542
26549
26550
26552
26556
26557
26559
26568
26580
26597
26598
26604
26605
26611
26614
26618
26619
26630
26635
26646
26651
26660
26668
26669
26670
26672
26673
26675
26679
26686
26698
26700
26704
26706
26708
26712
26715
26716
26721
26722
26723
26733
26748
26754
26755
26756
26757
26761
26762
26787
26792
26794
26797
26809
26810
26811
26814
26817
26818
26821
26823
26825
26829
26837
26842
26844
26845
26848
26854
26856
26858
26860
26867
26868
26870
26873
26875
26885
26903
26905
26907
26909
26910
26911
26914
26915
26916
26920
26923
26924
26931
26932
26941
26955
26956
26968
26973
26982
26984
26985
27009
27011
27012
27029
27031
27033
27035
27037
27039
27046
27047
27076
27077
27089
27091
27092
27102
27103
27104
27106
27109
27110
27112
27114
27116
27117
27124
27126
27134
27136
27137
27138
27139
27145
27146
27147
27157
27158
27159
27168
27169
27175
27176
27178
27180
27184
27186
27190
27201
27204
27205
27209
27215
27218
27226
27227
27235
27237
27238
27244
27251
27263
27264
27268
27274
27278
27279
27288
27290
27291
27298
27302
27303
27309
27316
27319
27321
27322
27326
27327
27328
27335
27341
27342
27344
27345
27348
27350
27351
27360
27361
27368
27372
27375
27386
27392
27393
27397
27401
27410
27412
27413
27417
27424
27431
27438
27439
27440
27441
27448
27449
27452
27453
27454
27455
27456
27470
27472
27474
27475
27476
27478
27481
27484
27488
27493
27497
27503
27504
27517
27518
27522
27529
27530
27535
27540
27549
27550
27560
27562
27563
27570
27571
27573
27574
27575
27576
27582
27587
27588
27589
27590
27591
27592
27600
27602
27603
27604
27610
27613
27622
27625
27628
27636
27638
27639
27641
27645
27659
27660
27672
27674
27675
27676
27678
27679
27680
27681
27682
27684
27692
27695
27696
27699
27719
27731
27732
27738
27741
27742
27746
27750
27751
27752
27753
27754
27755
27757
27758
27759
27762
27768
27769
27772
27775
27783
27794
27795
27796
27798
27799
27800
27801
27802
27804
27809
27827
27829
27834
27836
27845
27847
27848
27858
27861
27862
27865
27866
27870
27876
27882
27891
27899
27901
27902
27907
27920
27921
27924
27952
27953
27956
27959
27964
27965
27966
27967
27976
27983
28002
28004
28007
28008
28009
28010
28011
28012
28013
28014
28033
28035
28045
28049
28053
28056
28057
28058
28070
28071
28073
28079
28081
28086
28087
28088
28089
28092
28093
28094
28099
28100
28109
28112
28117
28118
28119
28126
28139
28140
28150
28151
28160
28174
28175
28177
28178
28179
28181
28182
28189
28194
28202
28203
28204
28213
28224
28225
28226
28229
28231
28232
28267
28271
28279
28281
28282
28284
28294
28295
28298
28301
28303
28304
28305
28306
28317
28321
28324
28326
28329
28333
28338
28344
28347
28350
28353
28355
28366
28371
28372
28374
28378
28380
28382
28383
28384
28385
28387
28401
28407
28408
28410
28415
28417
28419
28420
28421
28423
28425
28426
28427
28437
28443
28448
28450
28451
28466
28473
28475
28478
28484
28496
28497
28514
28515
28516
28518
28520
28521
28523
28525
28527
28532
28533
28536
28543
28544
28548
28558
28561
28563
28565
28570
28572
28575
28576
28579
28591
28593
28594
28604
28605
28623
28628
28632
28635
28638
28640
28641
28642
28643
28646
28647
28649
28662
28663
28674
28678
28679
28686
28691
28692
28694
28704
28709
28711
28723
28724
28725
28726
28728
28730
28731
28736
28743
28746
28749
28752
28755
28766
28767
28770
28781
28782
28810
28812
28813
28817
28821
28822
28823
28833
28834
28836
28845
28851
28852
28876
28877
28883
28889
28897
28904
28905
28908
28909
28913
28922
28926
28927
28928
28929
28934
28935
28945
28950
28952
28953
28961
28971
28974
28976
28979
28980
28987
28990
29002
29004
29014
29021
29028
29030
29033
29035
29038
29039
29040
29045
29054
29055
29058
29060
29066
29071
29072
29076
29091
29094
29099
29101
29102
29106
29107
29112
29113
29114
29116
29117
29119
29123
29124
29125
29126
29136
29137
29138
29139
29140
29141
29158
29159
29162
29163
29166
29168
29178
29180
29183
29184
29190
29194
29195
29197
29212
29214
29215
29219
29220
29224
29225
29227
29228
29229
29230
29231
29235
29244
29261
29264
29269
29272
29278
29287
29288
29289
29291
29296
29299
29304
29311
29318
29321
29324
29327
29338
29341
29342
29343
29344
29345
29346
29347
29348
29355
29359
29360
29363
29368
29372
29373
29382
29385
29395
29396
29410
29421
29425
29426
29428
29438
29441
29443
29450
29451
29465
29468
29478
29488
29508
29509
29513
29514
29516
29553
29554
29571
29572
29573
29576
29583
29584
29593
29594
29597
29599
29600
29602
29605
29607
29609
29612
29614
29615
29616
29617
29618
29621
29623
29624
29625
29639
29647
29649
29650
29651
29653
29654
29660
29661
29669
29678
29693
29706
29709
29710
29711
29721
29724
29726
29730
29732
29733
29735
29738
29743
29744
29753
29757
29763
29766
29768
29769
29771
29779
29781
29782
29783
29787
29788
29791
29792
29793
29795
29805
29807
29812
29816
29817
29818
29820
29829
29831
29834
29839
29840
29841
29845
29850
29852
29854
29863
29864
29867
29868
29869
29878
29879
29885
29893
29894
29919
29925
29929
29936
29938
29952
29953
29957
29958
29969
29970
29986
29987
29988
30003
30004
30007
30010
30011
30012
30029
30034
30035
30037
30038
30050
30054
30058
30070
30084
30087
30093
30098
30104
30107
30108
30110
30111
30113
30114
30115
30123
30124
30132
30134
30148
30150
30151
30159
30160
30165
30171
30184
30199
30208
30209
30210
30212
30214
30215
30218
30220
30221
30222
30223
30224
30241
30242
30248
30250
30252
30261
30266
30267
30270
30271
30275
30276
30286
30290
30302
30307
30308
30309
30310
30315
30327
30329
30330
30335
30342
30351
30352
30357
30362
30369
30375
30385
30386
30390
30391
30392
30393
30394
30395
30396
30397
30398
30399
30400
30401
30402
30403
30437
30438
30440
30444
30445
30446
30450
30464
30465
30466
30477
30478
30479
30480
30481
30482
30483
30484
30486
30488
30496
30497
30499
30500
30501
30503
30504
30505
30507
30508
30509
30510
30511
30512
30514
30518
30519
30522
30527
30531
30539
30543
30546
30554
30559
30562
30565
30566
30574
30575
30576
30593
30594
30602
30603
30604
30615
30617
30618
30629
30632
30637
30646
30648
30654
30656
30670
30671
30673
30676
30692
30701
30702
30703
30705
30706
30711
30714
30715
30716
30731
30732
30733
30734
30735
30736
30737
30739
30741
30754
30765
30768
30769
30772
30773
30783
30784
30785
30788
30789
30791
30794
30798
30799
30800
30807
30808
30819
30820
30825
30835
30839
30842
30847
30851
30855
30856
30857
30858
30862
30868
30869
30870
30877
30886
30887
30897
30898
30899
30900
30903
30906
30916
30926
30927
30928
30929
30930
30931
30934
30936
30946
30947
30948
30950
30952
30971
30972
30976
30989
30991
30992
30995
30996
30999
31005
31010
31012
31015
31016
31027
31032
31049
31052
31062
31065
31066
31067
31072
31074
31075
31076
31077
31084
31089
31091
31094
31100
31103
31104
31111
31113
31114
31117
31127
31132
31133
31134
31135
31136
31137
31139
31144
31145
31146
31149
31154
31161
31163
31164
31171
31184
31190
31191
31192
31193
31194
31195
31196
31197
31199
31202
31212
31216
31230
31233
31237
31238
31240
31252
31253
31264
31265
31312
31317
31319
31320
31328
31330
31331
31332
31334
31335
31336
31340
31342
31343
31351
31357
31358
31360
31361
31384
31411
31438
31439
31465
31466
31477
31487
31488
31494
31495
31497
31498
31500
31501
31505
31507
31513
31519
31523
31533
31534
31535
31538
31544
31551
31553
31562
31565
31577
31578
31579
31581
31583
31588
31589
31590
31591
31598
31599
31600
31601
31606
31607
31608
31616
31621
31627
31630
31642
31643
31649
31654
31664
31665
31671
31675
31682
31685
31692
31693
31705
31706
31714
31723
31736
31740
31741
31745
31747
31751
31757
31758
31762
31764
31765
31766
31767
31784
31786
31788
31805
31806
31808
31809
31810
31811
31813
31814
31817
31819
31821
31840
31842
31846
31854
31863
31864
31869
31872
31883
31884
31891
31898
31902
31903
31904
31913
31928
31929
31930
31931
31932
31933
31934
31948
31954
31959
31962
31964
31965
31967
31969
31970
31972
31973
31977
31980
31995
31999
32002
32003
32005
32009
32016
32018
32019
32023
32026
32031
32032
32036
32039
32043
32050
32072
32075
32076
32077
32078
32079
32080
32081
32082
32083
32087
32090
32096
32107
32108
32112
32115
32117
32120
32121
32122
32123
32132
32134
32144
32145
32146
32148
32149
32150
32152
32158
32159
32164
32168
32171
32189
32190
32191
32192
32196
32201
32202
32203
32232
32241
32242
32243
32245
32250
32251
32253
32258
32264
32268
32270
32275
32276
32278
32279
32301
32305
32306
32317
32326
32327
32328
32333
32335
32336
32337
32339
32340
32341
32342
32343
32346
32347
32348
32351
32352
32353
32355
32356
32357
32358
32359
32361
32362
32364
32374
32377
32380
32381
32394
32400
32401
32431
32432
32433
32434
32436
32439
32440
32444
32445
32446
32448
32451
32454
32455
32456
32457
32458
32459
32463
32471
32475
32478
32481
32483
32484
32486
32488
32494
32495
32497
32498
32499
32500
32505
32506
32507
32511
32517
32520
32521
32522
32523
32524
32527
32528
32539
32540
32543
32551
32556
32561
32563
32580
32581
32582
32583
32585
32588
32589
32590
32601
32605
32619
32620
32624
32625
32626
32633
32642
32646
32648
32649
32656
32659
32661
32667
32669
32679
32691
32692
32694
32695
32696
32697
32698
32699
32700
32702
32703
32704
32705
32714
32715
32718
32719
32720
32721
32722
32723
32724
32728
32733
32744
32745
32750
32754
32758
32760
32783
32786
32797
32802
32811
32827
32828
32829
32830
32831
32832
32833
32835
32841
32845
32846
32851
32854
32855
32856
32862
32867
32868
32872
32874
32875
32876
32881
32882
32886
32893
32894
32900
32902
32903
32904
32907
32909
32910
32911
32913
32914
32917
32918
32921
32923
32926
32927
32928
32936
32939
32941
32944
32946
32947
32952
32958
32961
32964
32972
32975
32976
32980
32986
32987
32988
32998
33004
33010
33013
33014
33016
33022
33028
33029
33032
33033
33040
33048
33050
33051
33053
33054
33055
33058
33059
33060
33067
33070
33073
33076
33090
33092
33093
33107
33108
33109
33110
33112
33113
33114
33115
33116
33117
33118
33121
33130
33131
33142
33147
33152
33153
33154
33157
33160
33161
33162
33167
33171
33178
33181
33183
33184
33192
33193
33196
33199
33202
33207
33209
33210
33215
33218
33219
33231
33232
33234
33244
33246
33265
33266
33267
33272
33274
33277
33279
33285
33287
33293
33294
33295
33297
33301
33304
33305
33306
33310
33312
33320
33339
33342
33343
33344
33347
33350
33359
33376
33382
33393
33395
33396
33397
33398
33399
33400
33401
33402
33405
33407
33418
33422
33425
33426
33427
33430
33431
33432
33440
33443
33444
33446
33450
33451
33453
33460
33464
33467
33469
33471
33473
33474
33475
33480
33481
33486
33488
33492
33495
33496
33501
33504
33509
33514
33525
33542
33543
33545
33546
33564
33581
33582
33585
33587
33591
33595
33608
33613
33614
33615
33616
33617
33618
33619
33620
33623
33626
33636
33638
33644
33653
33657
33661
33689
33722
33725
33726
33730
33736
33744
33751
33761
33765
33776
33778
33779
33785
33811
33825
33826
33827
33834
33839
33844
33851
33852
33859
33867
33872
33886
33904
33906
33911
33914
33915
33916
33917
33928
33933
33948
33955
33958
33964
33965
33971
33975
33980
33992
33993
33994
33996
34002
34004
34010
34015
34017
34021
34022
34023
34025
34027
34030
34033
34035
34037
34038
34039
34040
34044
34046
34047
34048
34054
34058
34062
34064
34072
34074
34075
34078
34086
34089
34101
34103
34104
34111
34112
34116
34117
34121
34122
34126
34127
34128
34137
34140
34142
34144
34147
34150
34154
34159
34162
34163
34164
34171
34172
34173
34174
34179
34180
34181
34182
34187
34189
34190
34195
34200
34201
34202
34203
34206
34207
34208
34226
34227
34232
34234
34240
34242
34246
34255
34257
34258
34298
34299
34300
34318
34332
34337
34340
34341
34343
34344
34345
34346
34347
34349
34353
34354
34357
34361
34371
34373
34377
34379
34380
34381
34392
34393
34395
34396
34397
34411
34427
34436
34440
34447
34448
34449
34451
34452
34453
34454
34462
34464
34471
34490
34501
34502
34511
34512
34514
34515
34516
34517
34523
34526
34527
34556
34557
34558
34560
34561
34563
34564
34568
34572
34575
34576
34577
34578
34579
34583
34586
34589
34597
34600
34608
34609
34610
34625
34626
34628
34637
34641
34644
34646
34651
34653
34662
34663
34664
34681
34682
34683
34686
34698
34704
34705
34706
34707
34708
34710
34712
34717
34718
34735
34743
34748
34749
34753
34761
34764
34785
34789
34790
34792
34801
34803
34804
34809
34818
34821
34824
34827
34832
34838
34839
34841
34846
34847
34848
34855
34856
34858
34867
34869
34870
34871
34873
34876
34877
34879
34884
34887
34888
34889
34890
34891
34894
34899
34900
34901
34903
34906
34909
34910
34913
34916
34917
34918
34920
34921
34922
34924
34925
34926
34927
34928
34929
34944
34948
34956
34958
34969
34972
34973
34974
34976
34977
34978
34986
34990
35006
35009
35010
35011
35012
35014
35016
35017
35019
35025
35033
35043
35046
35047
35049
35052
35053
35058
35061
35064
35067
35070
35073
35079
35080
35086
35094
35095
35097
35098
35099
35109
35115
35118
35121
35124
35139
35141
35143
35144
35174
35175
35176
35182
35185
35186
35190
35191
35192
35194
35195
35198
35199
35203
35206
35207
35218
35225
35230
35242
35254
35263
35279
35283
35287
35292
35320
35322
35323
35326
35329
35336
35337
35343
35345
35348
35349
35350
35352
35353
35354
35357
35358
35363
35365
35369
35371
35372
35376
35377
35378
35387
35388
35389
35391
35394
35396
35397
35398
35399
35400
35401
35403
35405
35406
35408
35410
35424
35432
35434
35452
35453
35467
35468
35469
35474
35496
35497
35498
35502
35506
35509
35512
35514
35517
35519
35527
35532
35533
35535
35536
35548
35552
35555
35562
35575
35578
35581
35584
35585
35596
35618
35628
35629
35630
35631
35634
35635
35639
35640
35644
35645
35649
35650
35651
35658
35659
35664
35669
35673
35677
35678
35680
35683
35684
35685
35686
35688
35690
35692
35693
35695
35696
35702
35704
35707
35708
35723
35734
35735
35736
35737
35738
35739
35741
35747
35761
35762
35768
35769
35775
35777
35779
35785
35789
35790
35791
35792
35793
35795
35798
35799
35807
35808
35810
35820
35827
35828
35829
35839
35844
35851
35860
35862
35863
35869
35872
35873
35874
35881
35882
35883
35884
35885
35887
35888
35889
35891
35900
35901
35902
35910
35923
35924
35928
35930
35933
35938
35950
35955
35957
35970
35974
35976
35977
35978
35980
35982
35983
35984
35985
35999
36002
36004
36007
36010
36011
36012
36027
36030
36031
36033
36046
36047
36056
36058
36059
36077
36079
36086
36088
36089
36090
36092
36096
36097
36098
36099
36108
36113
36117
36122
36123
36124
36130
36133
36139
36140
36141
36145
36148
36150
36169
36176
36188
36190
36192
36193
36194
36201
36202
36212
36213
36214
36215
36216
36217
36218
36220
36221
36224
36226
36227
36228
36229
36230
36231
36232
36233
36234
36235
36236
36238
36239
36243
36244
36246
36248
36249
36250
36252
36253
36264
36266
36270
36272
36274
36288
36292
36293
36294
36298
36301
36302
36303
36307
36309
36312
36322
36327
36329
36335
36345
36359
36369
36370
36395
36400
36402
36403
36407
36416
36418
36419
36438
36440
36447
36454
36455
36463
36464
36469
36470
36471
36472
36473
36493
36495
36509
36514
36518
36519
36520
36522
36533
36542
36550
36551
36552
36555
36556
36557
36562
36564
36565
36566
36568
36572
36580
36581
36583
36584
36587
36591
36593
36597
36600
36603
36607
36614
36621
36626
36635
36636
36646
36649
36650
36664
36675
36676
36677
36680
36681
36682
36691
36694
36696
36697
36698
36704
36711
36717
36724
36726
36727
36739
36743
36748
36749
36751
36758
36759
36760
36762
36766
36781
36787
36791
36792
36793
36794
36795
36805
36806
36820
36823
36824
36832
36836
36838
36840
36851
36852
36858
36881
36885
36890
36894
36902
36912
36913
36914
36921
36924
36927
36930
36935
36936
36938
36939
36940
36942
36945
36946
36959
36973
36977
36982
36983
36987
36989
36992
37001
37011
37017
37018
37024
37025
37028
37032
37033
37039
37040
37042
37043
37065
37067
37068
37074
37076
37077
37088
37089
37099
37100
37105
37111
37115
37116
37117
37118
37119
37121
37124
37125
37126
37129
37132
37133
37134
37135
37146
37150
37151
37153
37155
37157
37158
37162
37165
37168
37175
37177
37181
37183
37184
37193
37204
37205
37209
37210
37211
37212
37213
37229
37232
37234
37235
37247
37255
37257
37270
37271
37285
37288
37290
37291
37292
37293
37300
37301
37303
37304
37306
37309
37310
37311
37312
37319
37325
37331
37332
37336
37339
37357
37365
37376
37377
37381
37386
37420
37421
37432
37434
37435
37436
37437
37439
37448
37449
37454
37463
37468
37469
37477
37482
37498
37501
37504
37506
37512
37515
37516
37517
37525
37529
37536
37552
37556
37585
37591
37600
37601
37602
37606
37611
37612
37618
37619
37620
37621
37622
37623
37624
37626
37627
37628
37629
37630
37631
37632
37640
37642
37643
37645
37650
37659
37684
37696
37701
37702
37703
37705
37710
37711
37718
37720
37722
37724
37729
37731
37732
37733
37734
37741
37742
37745
37748
37754
37756
37759
37762
37766
37767
37771
37777
37778
37779
37780
37785
37786
37788
37792
37804
37805
37810
37813
37818
37820
37822
37825
37831
37832
37839
37844
37849
37861
37862
37865
37872
37873
37874
37875
37876
37878
37879
37880
37881
37883
37886
37889
37911
37917
37918
37922
37927
37933
37934
37935
37936
37937
37938
37939
37940
37946
37947
37950
37953
37954
37960
37984
37994
37997
38003
38004
38010
38015
38025
38026
38027
38028
38029
38030
38031
38033
38036
38037
38039
38040
38046
38048
38049
38050
38057
38058
38059
38060
38067
38084
38091
38097
38101
38102
38106
38107
38108
38117
38121
38134
38139
38145
38149
38160
38166
38167
38168
38169
38170
38173
38183
38187
38188
38195
38201
38209
38212
38214
38217
38219
38221
38227
38235
38236
38242
38244
38245
38255
38257
38258
38259
38261
38262
38263
38264
38265
38267
38268
38270
38271
38272
38275
38280
38282
38283
38285
38289
38290
38291
38294
38297
38298
38299
38301
38302
38304
38305
38306
38307
38308
38310
38311
38312
38314
38315
38316
38320
38333
38340
38355
38356
38358
38359
38363
38366
38383
38384
38385
38387
38389
38391
38396
38397
38403
38404
38405
38406
38408
38409
38428
38436
38437
38439
38456
38458
38459
38460
38461
38462
38464
38465
38466
38467
38468
38469
38471
38473
38474
38480
38485
38490
38494
38495
38496
38515
38522
38523
38524
38525
38526
38527
38532
38534
38537
38542
38545
38550
38552
38553
38554
38555
38557
38560
38574
38576
38582
38583
38586
38590
38591
38592
38593
38595
38599
38600
38601
38604
38607
38608
38610
38612
38620
38622
38625
38632
38635
38637
38648
38655
38656
38666
38680
38683
38688
38695
38696
38699
38700
38721
38760
38765
38773
38774
38778
38779
38780
38782
38784
38788
38791
38794
38802
38808
38818
38821
38822
38824
38825
38831
38832
38833
38838
38839
38847
38853
38856
38859
38860
38869
38871
38877
38878
38885
38888
38889
38893
38901
38903
38904
38905
38907
38908
38909
38911
38912
38913
38914
38917
38924
38925
38926
38927
38928
38929
38930
38931
38932
38934
38937
38940
38943
38946
38949
38950
38951
38954
38955
38956
38963
38965
38966
38967
38969
38970
38971
38973
38977
38978
38986
38990
38991
38992
38995
38996
38997
38998
39009
39017
39021
39025
39026
39027
39031
39033
39034
39035
39037
39047
39056
39058
39059
39068
39071
39075
39078
39079
39080
39083
39085
39091
39092
39093
39094
39098
39101
39104
39110
39115
39116
39132
39133
39135
39137
39138
39139
39140
39145
39147
39149
39152
39168
39169
39170
39171
39172
39173
39174
39175
39176
39177
39179
39180
39181
39182
39183
39186
39189
39190
39191
39192
39221
39235
39238
39241
39262
39263
39264
39265
39266
39269
39274
39275
39276
39278
39281
39285
39299
39302
39307
39308
39309
39311
39312
39313
39315
39316
39317
39318
39319
39320
39334
39335
39336
39337
39338
39342
39366
39369
39371
39375
39381
39382
39383
39384
39401
39405
39411
39417
39418
39419
39420
39421
39425
39427
39432
39433
39434
39436
39447
39450
39452
39455
39457
39458
39476
39487
39491
39496
39497
39511
39517
39530
39534
39543
39545
39546
39550
39554
39555
39558
39560
39562
39569
39574
39578
39579
39610
39617
39625
39627
39630
39631
39637
39642
39646
39649
39651
39652
39653
39657
39658
39673
39679
39684
39685
39688
39702
39704
39719
39726
39727
39732
39737
39739
39740
39743
39745
39756
39757
39758
39762
39765
39766
39767
39769
39771
39772
39773
39775
39777
39778
39785
39790
39794
39804
39808
39812
39814
39815
39816
39822
39825
39826
39827
39831
39832
39838
39850
39851
39852
39853
39854
39855
39856
39857
39858
39862
39869
39870
39871
39877
39878
39881
39884
39887
39889
39890
39891
39934
39935
39942
39948
39955
39957
39958
39965
39971
39972
39979
39981
39984
39985
39986
40003
40008
40010
40011
40036
40047
40055
40058
40059
40063
40065
40066
40067
40068
40069
40070
40071
40074
40076
40077
40078
40083
40084
40100
40102
40104
40105
40114
40116
40127
40128
40132
40137
40149
40164
40165
40166
40168
40170
40171
40172
40174
40175
40188
40189
40193
40194
40195
40203
40204
40205
40206
40216
40232
40235
40237
40252
40253
40254
40263
40264
40269
40270
40271
40272
40273
40274
40275
40276
40278
40280
40288
40289
40291
40292
40293
40295
40296
40297
40299
40300
40301
40302
40303
40304
40306
40310
40311
40314
40315
40318
40327
40329
40332
40334
40335
40353
40354
40356
40357
40365
40370
40376
40377
40380
40391
40397
40398
40416
40423
40424
40430
40433
40436
40437
40442
40444
40445
40447
40450
40459
40461
40462
40466
40469
40473
40482
40483
40485
40487
40488
40489
40490
40492
40497
40506
40507
40523
40526
40531
40532
40539
40546
40556
40557
40563
40565
40577
40578
40581
40584
40585
40586
40587
40590
40594
40598
40599
40603
40604
40606
40620
40644
40649
40659
40662
40665
40667
40668
40669
40671
40676
40678
40685
40686
40693
40698
40700
40704
40705
40723
40724
40732
40733
40734
40735
40736
40737
40738
40739
40742
40743
40752
40756
40762
40765
40770
40771
40772
40775
40778
40780
40781
40782
40785
40786
40787
40790
40792
40797
40805
40807
40812
40813
40815
40816
40837
40842
40847
40850
40851
40854
40855
40857
40874
40884
40891
40892
40905
40906
40907
40921
40922
40925
40927
40931
40937
40940
40954
40955
40973
41007
41013
41014
41017
41042
41062
41064
41072
41076
41077
41080
41081
41091
41092
41093
41095
41106
41108
41109
41110
41116
41121
41139
41148
41149
41150
41151
41153
41155
41156
41157
41159
41160
41163
41164
41166
41167
41169
41172
41176
41177
41181
41183
41184
41191
41194
41198
41212
41213
41222
41230
41243
41244
41246
41262
41263
41264
41272
41276
41277
41279
41290
41303
41305
41317
41324
41326
41327
41328
41329
41330
41341
41348
41349
41350
41351
41352
41359
41360
41363
41395
41397
41398
41407
41408
41414
41419
41429
41433
41434
41446
41447
41448
41451
41452
41453
41457
41458
41460
41464
41465
41466
41467
41472
41473
41474
41475
41478
41480
41485
41491
41493
41494
41497
41499
41500
41501
41502
41507
41514
41515
41516
41517
41518
41525
41528
41530
41544
41568
41573
41577
41595
41596
41598
41600
41605
41611
41618
41630
41634
41638
41639
41641
41642
41644
41645
41646
41654
41655
41656
41658
41666
41667
41668
41673
41674
41675
41676
41679
41681
41686
41687
41692
41699
41708
41709
41714
41715
41716
41726
41727
41728
41738
41739
41740
41743
41744
41745
41746
41753
41766
41769
41775
41776
41777
41778
41782
41783
41787
41795
41796
41797
41798
41799
41803
41807
41808
41809
41810
41828
41830
41831
41835
41838
41841
41843
41864
41867
41880
41882
41885
41891
41901
41904
41909
41911
41912
41915
41923
41924
41926
41930
41932
41933
41934
41941
41950
41955
41957
41958
41961
41962
41963
41965
41967
41970
41979
41994
41998
42024
42033
42035
42040
42072
42074
42079
42084
42088
42089
42091
42101
42104
42107
42123
42124
42126
42129
42131
42133
42136
42137
42145
42148
42149
42157
42159
42160
42166
42170
42173
42174
42187
42191
42192
42195
42197
42199
42200
42201
42202
42211
42214
42215
42217
42218
42220
42225
42231
42249
42264
42265
42266
42269
42270
42271
42272
42273
42275
42276
42277
42278
42293
42297
42301
42315
42318
42320
42321
42325
42329
42330
42331
42334
42339
42347
42348
42355
42356
42357
42358
42359
42365
42371
42372
42373
42380
42384
42392
42395
42396
42402
42403
42404
42405
42406
42407
42408
42409
42411
42412
42413
42414
42417
42418
42419
42422
42423
42424
42425
42426
42427
42428
42429
42430
42431
42435
42442
42445
42447
42448
42449
42460
42461
42464
42466
42467
42468
42471
42479
42482
42483
42484
42488
42491
42496
42497
42499
42500
42517
42524
42531
42537
42544
42546
42547
42586
42589
42604
42607
42608
42615
42617
42620
42647
42648
42649
42660
42670
42684
42685
42688
42689
42702
42706
42724
42726
42742
42755
42765
42794
42822
42825
42826
42831
42832
42836
42837
42838
42841
42842
42844
42853
42860
42866
42867
42868
42869
42902
42904
42905
42915
42923
42924
42925
42926
42927
42930
42931
42933
42935
42976
43003
43025
43026
43030
43031
43037
43038
43039
43042
43049
43059
43077
43091
43092
43099
43101
43104
43109
43112
43121
43125
43126
43127
43134
43151
43154
43186
43191
43192
43193
43227
43242
43243
43247
43260
43261
43262
43263
43280
43286
43298
43307
43322
43324
43325
43328
43344
43351
43355
43356
43357
43358
43359
43364
43371
43373
43374
43415
43422
43430
43463
43467
43479
43520
43521
43530
43531
43535
43536
43540
43561
43567
43568
43569
43572
43595
43611
43618
43627
43628
43629
43631
43646
43647
43648
43649
43650
43651
43668
43669
43671
43696
43700
43701
43702
43703
43717
43736
43747
43775
43783
43817
43825
43850
43858
43859
43861
43866
43887
43891
43906
43938
43946
43955
43983
43995
44000
44011
44012
44013
44038
44042
44046
44079
44080
44083
44084
44085
44086
44087
44088
44089
44090
44093
44102
44103
44129
44132
44133
44134
44147
44157
44158
44162
44164
44172
44184
44192
44194
44202
44216
44243
44261
44262
44271
44272
44273
44274
44288
44295
44298
44301
44303
44306
44311
44312
44317
44318
44344
44352
44358
44376
44388
44407
44409
44415
44427
44435
44438
44444
44484
44485
44494
44499
44500
44506
44522
44584
44586
44590
44601
44607
44624
44625
44628
44629
44658
44659
44660
44670
44675
44700
44727
44728
44729
44731
44733
44742
44743
44778
44780
44783
44812
44814
44823
44835
44840
44861
44885
44892
44899
44904
44921
44940
44972
44973
44977
44982
44983
44996
44998
45000
45002
45010
45012
45027
45048
45058
45059
45060
45061
45090
45092
45095
45103
45107
45117
45141
45151
45152
45158
45171
45172
45184
45194
45195
45205
45213
45252
45262
45283
45286
45287
45288
45289
45290
45291
45292
45293
45294
45295
45298
45307
45341
45343
45345
45348
45351
45353
45366
45389
45416
45429
45431
45432
45437
45453
45457
45477
45494
45495
45496
45497
45509
45520
45533
45534
45535
45537
45563
45568
45570
45576
45588
45603
45626
45627
45639
45640
45641
45642
45643
45645
45664
45665
45666
45667
45685
45686
45691
45705
45714
45722
45726
45727
45728
45734
45735
45736
45737
45738
45750
45753
45764
45789
45792
45794
45796
45799
45800
45801
45819
45831
45881
45890
45907
45908
45909
45923
45932
45942
45980
45981
45984
45998
46010
46011
46025
46033
46041
46050
46052
46059
46065
46082
46103
46126
46129
46148
46159
46160
46163
46167
46168
46169
46170
46171
46174
46184
46204
46205
46211
46213
46216
46217
46218
46221
46222
46223
46226
46243
46249
46254
46255
46260
46261
46264
46273
46298
46299
46317
46326
46340
46344
46345
46346
46347
46348
46349
46355
46365
46378
46395
46399
46404
46410
46412
46436
46441
46443
46447
46454
46465
46472
46479
46482
46485
46498
46499
46521
46529
46530
46531
46545
46560
46564
46583
46584
46585
46586
46588
46589
46590
46591
46592
46593
46594
46595
46596
46597
46598
46599
46600
46601
46602
46604
46605
46606
46607
46608
46609
46610
46618
46619
46620
46621
46623
46646
46647
46653
46654
46657
46674
46682
46686
46687
46689
46691
46693
46721
46763
46764
46768
46769
46771
46784
46785
46800
46804
46807
46808
46810
46811
46826
46832
46833
46860
46863
46864
46865
46891
46898
46900
46901
46902
46903
46911
46913
46919
46941
46959
46960
46969
46970
46981
46990
46991
47003
47004
47006
47011
47025
47028
47029
47033
47038
47054
47055
47056
47057
47059
47065
47066
47083
47093
47095
47096
47102
47103
47125
47129
47141
47155
47156
47162
47163
47178
47179
47180
47182
47192
47212
47228
47235
47236
47237
47238
47277
47280
47281
47315
47323
47350
47364
47369
47396
47432
47435
47451
47452
47461
47467
47480
47482
47488
47489
47492
47494
47501
47502
47508
47516
47518
47534
47561
47564
47570
47586
47594
47627
47628
47635
47642
47643
47644
47647
47648
47669
47676
47686
47700
47701
47704
47705
47709
47711
47712
47715
47720
47729
47730
47731
47735
47744
47745
47746
47747
47748
47749
47750
47751
47752
47753
47760
47778
47781
47796
47797
47803
47806
47825
47830
47837
47841
47846
47847
47870
47893
47895
47896
47897
47898
47899
47911
47930
47936
47942
47954
47957
47960
47961
47962
47963
47967
47971
47984
47985
47993
47998
48008
48011
48012
48035
48036
48037
48038
48039
48043
48046
48047
48048
48049
48051
48052
48053
48054
48055
48056
48057
48058
48059
48060
48061
48062
48063
48064
48065
48066
48067
48068
48069
48072
48073
48074
48075
48076
48077
48078
48079
48080
48081
48082
48083
48084
48085
48086
48087
48088
48089
48090
48091
48092
48098
48099
48100
48104
48105
48109
48111
48113
48115
48118
48120
48121
48122
48123
48125
48126
48127
48128
48131
48132
48134
48135
48136
48137
48138
48139
48140
48141
48142
48143
48144
48145
48146
48147
48148
48149
48150
48151
48152
48155
48161
48163
