3640
2793
2791
2790
2306
3639
2789
2787
1454
4962
3632
4963
5813
3637
1
5828
2314
2795
3641
9
4973
3643
3645
2318
4990
4991
2330
1481
2327
5830
4988
4989
3659
3672
4518
4519
1007
1006
2336
1005
1003
2333
1001
4995
5842
5843
3666
4514
5846
5847
4517
3681
3682
4530
5862
4531
3200
1022
2352
1020
1019
2348
1017
6709
2346
1013
2344
1012
6700
3674
5854
6704
4525
5858
4527
6705
5870
3693
5872
6719
1026
600
2354
1023
604
6713
5866
6712
6715
4536
5868
6714
5400
3222
1039
3216
8908
1036
611
613
6722
6721
3698
8900
6723
6728
5892
4562
3232
3231
1052
5409
1049
1048
2378
1047
1046
5885
4554
5886
5405
4559
5422
1065
3243
2394
2392
3237
2389
633
2388
2387
1056
5897
5413
6746
5898
4568
6748
5418
6749
5419
5430
4584
6761
4585
6763
640
3249
642
2398
3245
4576
8935
647
648
6756
8933
8938
5429
8936
5441
4595
5443
4596
1082
651
3257
4103
5435
7617
4107
6769
6780
4121
7631
7633
5455
6785
1098
3269
3267
6777
5446
669
5447
5448
5462
7642
7641
6794
6797
3284
672
674
675
676
3278
5456
7634
6303
7637
4128
5473
8501
7653
5475
7652
6324
5476
683
684
201
6315
6316
4139
6319
4151
6331
4153
5000
8512
5001
6332
5002
6335
5488
8511
5480
213
699
8505
217
5479
6328
6327
8509
7670
6342
7672
4164
4165
5013
6343
4166
7677
4167
6346
5498
7676
8522
5491
4160
220
222
226
6337
7668
228
5006
6336
8515
5008
4172
6352
8534
6354
5025
233
236
237
8527
6348
4169
8528
6347
6349
8529
6364
5032
7695
7694
8540
7697
8545
7213
5035
8544
240
245
246
248
8538
5027
8539
8537
1900
4194
4196
6375
4197
5046
8557
6371
6370
5038
7217
8549
5039
6369
8547
1912
5052
5054
8561
5056
8568
6381
265
268
8558
1923
7242
6395
7244
6396
7248
8571
7240
5062
1939
8105
5079
7256
8106
8588
287
288
1945
8597
8594
5087
8111
8595
5089
8599
8115
290
5081
8593
8590
8591
1954
2801
1950
1955
8121
8127
7279
7278
5095
2819
7280
8130
7281
1974
2829
2828
2827
2825
1978
2824
7299
7295
8140
1503
2832
1501
1984
2830
2837
2842
1995
1994
1991
1517
8167
8161
3704
1520
3701
3702
3703
8177
1532
3719
1530
3711
1539
2881
2880
8182
8185
8183
2872
3723
3725
8198
8199
1561
1560
8191
5916
2404
3739
2887
5919
1554
1553
1551
2408
5912
3735
1571
1570
1569
3748
3749
5927
1567
1566
2897
1565
1564
1562
3740
3745
2419
2430
4606
2425
2424
2423
1576
2422
2421
1573
5930
3752
5931
3754
5932
5933
3755
4603
4605
1110
1592
1591
1590
2438
1588
1104
1103
1587
1102
1100
5940
5941
5942
3764
5943
3765
4614
2439
3782
5961
2452
1120
2449
1118
6806
2447
6809
1597
1596
5951
3774
4621
4623
3776
5954
5955
6802
4626
3779
5957
1119
3790
3793
4641
2463
1130
2461
1129
3307
3306
1128
6819
1123
3300
4631
3784
5962
4632
4633
5964
705
3788
6813
4636
6816
707
5969
708
5981
4652
3320
1141
6829
3316
2469
2468
1135
3312
711
4643
4644
3799
6825
6824
719
4660
4661
5993
5994
4663
1154
2485
2484
6839
3323
723
5984
6834
5987
6833
5988
5504
6837
5507
4671
6851
5521
2496
1164
1163
1162
1160
2490
2489
730
2488
2003
733
4664
5511
5995
735
5997
5513
4667
5514
5998
738
6849
6863
4685
1176
3354
3353
1174
2021
3350
2019
3349
2018
2017
2016
741
2499
2498
3345
2497
3344
4675
7701
745
5523
7700
747
6856
4678
7705
6858
5526
7704
5527
6871
7721
4212
2034
1187
3365
2032
2030
3360
750
2029
2028
3358
3357
754
758
6866
5536
7715
6868
7717
6880
4220
4223
6884
7731
3371
1191
760
761
762
2038
765
1189
3366
1188
4213
6875
768
4698
4216
6879
5560
6892
5563
6893
4233
7742
3387
3385
3384
3381
3379
3378
776
777
3377
6887
7734
779
6886
7736
7737
3390
4240
5573
7754
6423
4245
7753
3397
3396
3391
785
301
7745
789
305
6416
4238
308
6418
6417
2070
7763
7762
6434
5586
6433
795
311
312
313
7756
317
7759
6428
8607
2081
7771
6443
6442
6445
5113
8621
5114
2088
2087
2086
325
6436
8615
327
328
329
5108
6439
2091
7780
5120
7783
2090
6451
7301
8633
7785
8634
6453
6456
7303
4277
7787
4278
4270
8626
6446
8627
6449
8624
8625
6461
4283
8641
4284
6463
5131
5132
4285
4286
6465
8645
5134
5135
8643
5136
8637
6458
7305
8638
6457
5127
7304
8635
7307
8636
4293
4294
7321
6474
6473
5143
6476
8655
7322
8653
7324
4291
359
5137
5138
8647
7317
5151
7330
8663
8660
6001
5153
7332
6485
14
7331
5154
6487
6486
5156
5157
8664
6005
7335
6488
360
361
6480
362
364
368
5148
8658
6494
8671
6496
6498
5166
5167
6499
8676
370
6490
375
5159
7338
8668
30
6023
5177
8689
5178
5179
7357
5171
5172
6018
5184
8695
44
8696
6034
6036
5188
7367
5189
49
8216
8214
5180
5183
2900
397
399
8206
2906
2905
6046
5194
6040
6039
61
2916
64
8231
6056
7386
8237
7389
6058
7382
70
71
72
2927
73
74
2924
6065
8245
79
6069
6068
6060
7394
7393
80
1609
85
2936
2934
8253
6078
6077
8254
8250
1613
2943
1611
1619
2948
1617
1615
2946
1614
2945
98
6087
6089
6088
6082
1624
1622
3806
2952
2950
3809
1629
1628
1627
2958
3801
2956
1625
3802
6098
8270
6093
8274
2965
1632
2963
2961
3811
2968
3812
2967
8280
8283
1643
2973
3823
1647
2991
2988
2504
2503
3837
1656
1655
3839
2984
1650
3833
2506
1671
3847
2515
2514
1665
3846
3858
4707
1677
2523
1676
3850
3851
4701
3855
4704
3857
1206
2536
1689
4719
2533
1685
1683
2530
3862
3863
4710
2538
3868
2551
2550
2547
1214
2541
4720
4721
3875
6901
3877
3878
4726
1228
4739
1227
6916
2555
3402
2553
3884
803
6912
3889
4751
3420
4749
1239
6927
3415
2568
3414
6929
2566
1234
810
3410
1232
4741
4742
812
3896
4744
6924
6923
4747
4748
2584
3430
1251
2580
6939
3428
5608
1249
3427
3425
2578
2576
1244
6933
5603
827
4757
828
4759
829
3429
4770
2595
1263
2593
1261
5618
6949
3438
2589
3436
1257
830
2103
3433
2102
832
5610
833
4764
834
835
836
837
839
6947
6960
5631
1273
1272
7808
2119
5629
7807
1269
3447
840
2599
3445
1267
841
842
2113
2596
843
2112
6953
844
6952
846
4776
6955
4777
6957
4779
6956
6959
5628
4790
6971
4310
4794
5641
6972
4795
3464
2132
7819
7818
3459
3458
850
852
1277
853
3454
1276
4786
4787
857
858
859
4789
7817
4308
6982
4320
4321
4322
5653
2144
1297
2143
3473
1294
3472
3470
7829
1289
3467
864
865
4796
867
4797
4313
7821
4798
6977
5645
4799
869
4316
7826
4318
7828
7827
6990
6992
4332
6995
6994
3002
3485
3482
872
875
3477
3476
5654
877
6502
6501
4326
6503
6987
6506
7836
7839
6508
4342
6522
5675
3013
3011
3010
3492
2160
3491
3490
880
3009
884
2159
401
885
886
3003
403
6513
888
6512
406
6999
6514
407
4337
6998
5669
409
6516
6519
7862
5200
6530
4354
6533
5685
4355
3024
2177
2176
2172
2171
410
411
3017
412
3016
897
3014
7855
4345
6523
5678
4347
6526
5679
8707
6527
8708
6529
5691
4360
4361
7871
6540
6542
6544
5696
6543
4366
8720
2186
3033
3032
3028
3027
3026
2178
3025
6535
5203
7865
427
5688
6534
428
5207
4371
4372
7882
6553
7400
8733
6552
4376
6555
435
436
5698
6545
438
6548
8724
5218
8728
7891
4382
7893
7892
5232
7411
6563
5234
3050
443
445
3049
446
7888
5226
6559
8734
7889
5228
8750
6571
8751
5240
6573
6572
6575
5243
7422
8755
6574
5244
4391
452
455
458
8748
6567
6569
5239
6581
6584
6583
8765
7432
8766
6587
3073
3072
462
464
468
8758
6579
5249
7427
6111
6597
7443
6596
5266
6115
6599
5267
7445
6114
6590
7436
7438
5273
7450
6122
7453
3091
7452
3090
6121
5276
5277
7454
8304
5278
7457
8302
3098
480
3094
483
485
487
488
7448
6117
7449
7466
8312
492
8791
8308
7458
8305
8789
7473
8321
7475
5296
6146
5299
6147
8324
5293
6139
8318
8319
6153
6154
6157
6156
7003
8335
7481
8327
6164
7012
8342
6165
6168
6160
1706
1704
6175
8355
6179
7025
6178
8357
6172
1710
1719
1718
6186
8364
7034
7036
6181
6184
7030
6183
1722
3907
8377
8374
8375
6190
6192
6194
8371
1733
1732
1739
1738
7055
1749
1747
7068
8397
7069
8390
8392
2603
3936
1751
1757
7071
7070
2614
2613
1762
2619
2618
3945
4804
2624
3950
2629
2628
7098
7092
3968
2635
4819
3963
1309
3965
1308
1306
4814
3980
4827
4828
1797
1795
2642
3975
4824
4825
1317
4837
2658
4839
2655
3501
1321
1320
3983
4831
902
4832
3986
3987
4835
3988
1329
906
4836
4849
1336
912
4844
4845
3518
4847
4861
3530
1351
3522
3521
2673
920
922
5700
4853
4858
928
5705
4870
1361
3537
5718
1359
5719
3536
3535
2204
3534
1355
930
3531
933
5711
3539
5716
7907
7909
1369
3546
7908
2214
3544
2212
4873
944
4875
7900
948
2230
3560
4408
2229
2224
3554
959
7916
7915
2242
2240
1392
2239
3569
3568
1388
2235
2233
965
4896
4898
6610
2254
3583
3582
2251
2249
970
3579
972
2247
7932
976
6601
4422
4423
6600
5755
6607
4429
4441
4442
3111
2263
3590
6619
3106
3589
984
3587
986
503
987
6611
989
4436
6616
6615
4439
509
6617
4452
7962
6631
3122
2271
3119
3117
994
995
3115
2267
3114
512
997
513
4444
8802
998
8800
4447
517
6624
8806
6626
8804
6629
5790
5791
5792
5310
6643
5311
3134
2287
3133
2284
2283
2282
3128
520
3126
2277
3124
6634
5303
8814
6635
7969
8818
5307
6637
5309
6639
7981
4472
6652
8831
5320
6654
7501
4476
6653
7500
3143
2294
3135
7976
7975
4467
6644
8825
4468
7978
5799
6646
8828
6648
5319
4480
7992
5331
7510
8842
4484
4001
5332
7996
3152
542
3149
3148
544
3147
7503
5324
8836
7505
6657
7506
5329
7509
6672
5342
5344
8851
8852
3166
558
6667
4488
7997
4489
4005
559
6666
5339
7518
7519
8861
5351
8864
6685
6201
5354
8863
3178
3176
3173
564
566
567
3168
6678
7527
8855
8859
5360
4030
6210
4031
8870
5363
5364
6211
8873
5367
8874
4036
3186
3184
6690
572
573
575
8868
4027
4028
7539
4040
3192
3191
6221
3190
7552
6220
8881
4043
4044
6223
4045
6222
7556
8885
6224
3196
3195
100
102
103
4037
8879
7546
4038
4039
8878
5382
4052
7560
5383
4053
5384
4054
5385
5386
4056
6235
8412
590
111
8406
118
6227
7557
4062
5396
4066
5398
8422
5399
7577
5391
120
121
126
129
7569
4059
7568
4075
7584
7587
7580
134
136
139
7579
8429
4085
6267
7116
6268
141
149
8439
8437
1806
1801
8453
6274
6278
4099
7127
8455
151
152
154
1817
8449
1813
6285
7132
7134
6286
6289
8466
8460
161
162
6283
163
165
1821
166
167
1820
1826
8474
170
7141
174
175
176
178
1835
8485
7158
8007
8005
8489
180
182
8483
8481
1843
8497
8495
8017
192
8494
7160
8010
196
199
1851
8008
8009
1859
8024
7175
8029
8026
1868
8035
8037
7181
7182
2726
8046
8045
7199
8041
2735
1888
2734
2732
1885
4919
4910
2737
8050
2746
4927
1896
4928
1892
2749
4923
8061
8064
1423
3601
2753
3600
2750
1428
2771
8076
2768
3615
2764
3611
3619
3618
3617
2781
1447
3625
3624
2775
2774
1442
5802
4956
