442872
105575
531187
620545
361985
97419
447888
468801
528526
152059
473783
184311
677269
459638
225722
527203
93344
512262
713676
631118
60844
366147
656322
200655
290412
439034
355887
379305
54279
266716
228168
391410
440791
471325
183228
710019
256075
286631
701971
394629
4279
172156
190528
93155
360055
414025
20763
641565
557042
581197
528355
615666
355980
382424
36169
460834
707876
364510
511576
557189
455128
169651
140438
546792
234405
52119
317966
387474
399803
356917
422030
714671
453322
570641
179461
562705
303161
461952
23624
56272
327740
380472
12539
469981
9513
327242
438995
438449
164257
169712
699436
262344
441511
9428
174835
531983
460400
183293
302385
550314
168671
465870
708483
644049
86358
133624
567862
3483
428685
23320
193604
478245
253738
668512
421740
618090
249525
431823
341250
696252
391096
708064
487042
132481
461713
598458
158538
582883
525227
547573
109616
513725
125288
425467
149344
348196
537271
396507
620801
645436
9932
376053
597704
399494
634082
688698
250085
641940
447839
438128
441644
192380
176624
666820
421315
119070
493931
143533
396041
167194
22717
331825
694665
522621
505419
420410
416895
396766
162512
15484
626527
338642
664418
134582
647617
321909
713787
379968
468959
548314
542354
711835
170208
153028
274080
281117
300646
125988
391628
13617
507580
484765
575152
329849
183918
637396
286233
66667
595551
102133
572525
528128
2090
170701
94995
209465
379779
469856
287838
111082
352162
564318
565281
93234
232590
388284
710450
338321
428149
102170
139614
421107
268535
318397
302282
597098
523200
590439
576814
181125
250505
704901
379494
307775
670236
533184
6651
195952
253128
165121
671970
407212
229333
58450
637718
502937
393169
630776
510531
192592
53444
352832
209011
126695
692051
526692
281126
384842
69356
120532
333702
499409
272015
619804
177193
32887
660136
338160
127674
546754
253451
329290
158505
6748
242889
235855
22276
524440
68796
474851
41519
437705
112624
430146
112615
25937
670100
120778
403298
134353
546527
664670
453529
274443
604247
485494
172965
453973
409179
485571
696885
710269
653903
93532
394115
575332
72996
244312
219717
210079
137032
512076
504591
181865
30265
449385
554255
708985
444868
516446
260958
468257
437071
395844
419319
64311
587831
621657
654812
57952
625256
283162
207848
134537
258701
330974
103794
70878
686906
389259
276080
136507
198649
199663
619381
671953
536019
711879
551229
437676
315283
485700
171979
646562
432278
700846
112883
433613
256175
397802
385520
633178
266643
660175
249252
13030
311578
283325
401823
69391
205774
44983
191448
426207
166461
556940
351212
45659
416955
208403
426874
295428
390614
61128
173337
597025
581106
212644
658095
79042
387681
404769
638700
230043
550131
258256
261175
455835
91503
449581
111212
16610
469452
143823
165633
634701
163349
446405
158849
715694
493064
538504
586288
75712
618351
74056
332159
193145
265794
305738
260280
511286
432299
94762
288917
419469
663481
513237
340292
208899
268522
212495
131765
206427
374926
500137
535293
393846
669861
83371
544539
351308
554311
153753
121785
238493
27970
471833
86115
380480
408795
337377
322129
695362
206981
652158
444193
404329
693672
132488
121011
4374
74074
656151
624794
499142
241432
405009
485064
357158
652896
117871
705727
282748
180984
203201
176557
492011
146
426018
128131
86234
64585
646024
429296
483811
334173
180955
221831
10956
291127
711462
521220
197357
133675
548793
485745
30577
632780
247547
524239
578258
318103
451137
487801
613620
508150
115660
223242
638601
270622
432284
263361
154408
678585
494401
653433
462379
557668
456293
661068
578325
37395
110447
325825
101274
662922
141774
163185
586175
538444
430918
242349
29128
271692
219039
432193
526821
403640
477957
264770
115394
395120
393605
138
286121
615140
124406
649825
56370
428761
391377
708029
249948
185417
279772
445431
286551
3195
383561
116024
621713
194347
435096
362931
635894
695680
653625
364762
94793
662953
364029
343514
117786
402853
366995
518953
21259
355371
138104
405713
335045
40688
711578
174729
483028
290764
39490
364396
283895
167580
97094
612342
473030
230057
467685
481662
249678
621257
158942
473301
441531
496382
1636
651148
509751
255290
111580
68622
558591
291049
242542
61863
160393
120418
634160
617548
201427
206610
50022
174938
166931
197465
27690
293086
171463
26172
208148
111881
10144
326412
585779
472091
274659
138338
709999
29222
713512
107266
489560
56634
256441
57320
666973
429545
682754
313075
644527
250404
350992
343685
631809
160914
105297
397210
576574
179944
120190
373969
669923
475995
409535
562536
217829
377051
390025
538643
184376
17464
310055
68745
525061
701540
683353
156285
170341
408660
371181
252973
672435
305577
88916
655192
57748
390090
296261
225233
160642
688549
669993
676937
268326
205673
27040
325482
136600
6662
263291
458778
372636
386925
170637
395042
392216
36206
204821
94841
197445
263020
437397
277064
369872
547527
250545
283843
589944
573882
311733
204439
217862
473830
703095
434581
120889
4234
223101
710167
664780
444154
640615
422531
486773
36660
179788
250336
227637
108884
685796
520519
709051
543334
84512
709342
208928
692349
120007
406226
432522
23153
525897
237632
433877
173990
72014
545481
21397
389408
421475
330169
155827
121027
461896
428715
654877
248672
132850
58509
20999
656717
66924
316299
370740
561067
31331
689137
446827
647316
378570
450465
370147
289952
522809
708817
350095
431269
580549
651239
237857
170783
115693
100786
328511
439351
463494
159430
143402
513276
293475
527731
361536
398745
571149
399171
162665
99946
132648
582157
216855
640107
9526
298496
19718
70464
462759
143754
327775
424750
699208
350536
246348
489644
177871
580991
230956
179410
422932
455349
346655
695966
441574
613887
474861
640462
291616
630222
662692
133562
539329
645897
657316
587129
701580
617427
656448
357092
658364
517568
204697
309349
180731
13530
197188
19970
226007
344000
302816
701517
576062
168823
661378
193982
209406
321825
456180
481253
129645
393326
169745
603785
383056
32933
358592
287642
594700
422938
357501
204112
70826
166323
638467
479165
351582
166577
73437
136590
425785
440439
488673
345803
528130
586580
106045
169055
235076
63064
39703
692199
541844
659857
199155
606508
11136
648938
439736
294945
370801
615248
555563
667840
681027
160589
100089
244073
399478
164071
60708
528765
177300
488302
357206
84571
638558
109369
685874
169225
289283
434236
660851
675104
209171
689666
209400
561802
420171
608246
389054
665565
687488
560798
386069
682620
412409
699010
414797
321037
178459
436906
331746
544405
382598
525153
311681
639271
230288
166450
361951
614356
359904
320168
206205
534954
711177
640421
499706
485476
245310
578809
242736
442127
681038
405629
263169
430986
634840
362526
114660
634376
536251
568688
271450
696428
271424
157128
690751
708827
66418
4094
478498
170947
412356
659256
638662
678577
315675
639333
38217
572603
671032
638837
176328
712370
473118
180882
349317
83542
428816
482943
385690
258243
532366
496119
208160
348852
219362
612774
649705
428785
471417
23729
652550
699025
27358
654500
192235
125379
236798
494875
309547
506306
656807
540769
169459
135917
470520
68365
144843
451341
680145
704064
181621
281523
120160
201422
395800
278057
490177
100917
524830
330910
541506
488436
264857
164427
307405
573352
515798
559277
63398
613244
26976
347798
326779
492683
669605
314097
337084
380354
87318
539110
715288
566426
151853
642228
142625
137063
702172
281647
431603
668209
355916
194344
556817
342865
414118
531937
631205
263253
547646
185335
613241
531624
330851
181260
137958
520919
337369
154218
653627
669583
640151
260337
333225
587141
151095
383772
437813
703774
558742
210783
449574
177593
214338
637512
353538
416526
71180
446327
216127
69680
489493
427236
434726
108925
512038
124898
202299
355356
90340
218797
544520
290195
656034
177560
522755
328792
58845
350659
563392
448436
241436
113747
649482
551238
245327
470823
233217
317926
335127
65032
64615
163534
110152
223990
688358
251340
539285
25226
145999
278590
492826
17254
491261
547484
593720
683462
479033
60822
385496
253786
520126
301847
534705
68623
514256
230514
218347
551269
653838
649354
656074
338743
305858
372727
58706
551708
219062
558452
695098
118488
23897
635263
168424
346567
541615
138661
92400
22380
151306
116802
244012
573109
434762
388480
368171
98959
174457
142660
664751
248053
447220
701410
608215
562136
511186
565514
94010
611764
441854
612544
413444
119474
34
365581
272854
402855
514826
129821
152641
311720
206679
526833
369176
453068
274169
413325
335070
72236
714395
323725
21832
620625
695739
618301
262724
706435
469291
251409
701508
448876
398698
157047
345650
697879
466637
568063
634691
707845
466949
91636
159603
135769
236336
597165
450946
376493
465246
128647
245738
332064
329185
225409
490585
380197
688580
209828
234139
61541
305740
359808
386297
681008
514932
476841
542416
444448
248288
27365
191781
89758
633321
646539
259280
242493
560048
516482
435003
452979
488110
556040
183202
361212
416970
431609
285113
358082
4507
675283
375479
356999
549838
343425
265732
387654
3311
137839
515334
306642
376316
169402
472830
330268
538001
504358
410555
283800
390862
504054
691060
29419
538912
403083
521615
629976
455430
32470
567307
687982
545050
137661
107170
218249
513922
680223
446744
448810
13299
204196
220087
481697
9682
53593
680582
148406
154919
465235
121996
133030
261364
61224
473249
489743
137985
663710
643711
16510
376098
695754
410934
420618
328725
156877
535588
72272
635317
641254
647731
516133
706819
138186
454811
185177
242290
246556
393911
281798
353412
650051
359419
488912
679997
320891
242463
283359
617969
489670
233090
317583
555293
610237
550581
94209
598180
128624
711027
137763
661000
299789
444028
406343
402858
354273
437201
41533
477552
283168
483751
217524
525840
583027
17792
699172
139422
183750
109975
400050
654766
307846
530106
530882
379933
526109
168224
698874
425755
558087
638758
210066
514832
160328
399648
305495
283574
282104
343175
93222
173928
645673
387540
197041
512904
365831
653961
117265
579559
404864
62424
451304
542281
493155
107454
171997
205987
155615
489715
686613
406861
194297
435475
491518
159520
290287
549851
296687
294394
567473
32116
21009
93119
125918
77752
209444
699579
488118
111632
193497
532478
537769
497505
663223
421116
112254
572931
415156
526770
472799
10229
542847
69400
270492
154001
131438
414753
340928
236434
60920
270143
399682
700742
564026
593265
229948
325474
111600
532218
356995
17262
691430
487009
565103
410804
417686
480110
488631
524404
8150
173761
211696
138515
182389
662590
406146
32475
180175
238273
6979
137807
615171
714404
431077
393705
431117
68124
415996
701865
110730
517217
300434
172213
199826
686128
84146
560765
291465
402872
649732
525323
487590
522024
283069
456608
163407
127244
253445
642079
639514
208639
506942
57604
667099
257669
164490
148305
468533
219631
398948
560071
346885
427851
698438
404683
463014
278963
525058
333802
378448
495869
710779
171712
219425
540333
268691
258451
255133
236918
155673
202596
662939
712094
688536
708559
60939
681555
448664
560236
508782
344452
405103
462696
229822
542795
595999
382636
622129
428614
195950
551673
531412
508044
220432
662197
283671
323845
259010
62635
488784
420553
313905
280029
624978
631095
16135
326743
489263
506724
208552
399357
166768
337645
392296
319989
361182
711511
538790
177340
305081
91509
254022
72802
84317
528523
287451
21040
499521
619206
537460
315649
466197
476996
116106
169948
466457
277461
314066
273189
212969
433181
142752
244005
322865
196466
597181
470348
121927
566362
621823
256573
547476
272018
651331
364094
624
321894
207661
283760
470935
277791
617688
384756
560118
360375
94250
12987
404808
406543
520157
473799
443157
240525
210597
560994
542619
93356
234154
666938
274433
274216
154735
281887
513252
146037
686650
226629
244362
474622
56999
165265
612256
360140
620057
667470
457155
625907
235547
524074
511365
170568
446637
354741
353053
621267
325787
532708
379131
252918
121183
348721
53719
362651
300011
504057
548588
681495
572206
674595
402059
182294
235457
12290
416378
290901
275684
404071
150700
73447
283864
626216
107322
244729
153240
635021
644834
295193
656219
2257
256943
420603
203580
30358
698098
393763
275133
485608
527550
451114
527965
540967
638135
328367
353659
514913
293470
598074
288450
208052
142611
283340
245792
626691
168359
663486
148692
384413
186655
318575
426230
674283
478
582452
711565
458006
470443
31462
387026
475352
160571
320330
280531
556486
78128
366797
522752
386010
447732
357428
336784
616720
371855
135974
235521
708080
177445
509886
101770
669275
645159
239291
683248
574559
433738
305679
104647
18625
59390
585366
412235
19958
698313
641157
315722
699763
566803
463483
366673
80869
295140
22293
489460
52280
339698
336870
640871
334712
307877
577894
628899
466538
169463
458559
388096
546354
119692
315468
170073
485650
398708
265688
517595
356583
123725
281458
323015
167155
336707
203716
7801
382602
512838
249099
421628
90287
712388
243350
443023
252718
110826
238640
216141
173781
564598
621188
609080
389350
166153
378032
318654
328129
376589
667305
331045
470468
2697
417090
509890
218441
13904
458146
214903
326294
92961
94095
359760
298431
17020
120098
683245
517955
501695
366263
348385
419993
440384
621230
399243
648369
273070
416837
492464
634503
193170
139844
317263
657857
381710
534719
181606
136140
18949
612117
432647
470866
634557
715388
161119
353928
458090
63905
433243
210767
311136
339658
492639
701482
136480
524891
521939
660379
408981
448729
410744
90696
89568
33031
36093
116754
43371
637342
194276
71644
252122
313902
369806
435272
688888
635900
433913
309997
494693
94421
514159
77656
37359
334562
369411
597385
133330
168873
459029
403107
78125
509877
182589
98467
674288
161223
454254
316279
193469
363075
330388
381675
63210
334625
34977
246984
593270
333952
421935
474619
341431
403654
417382
160171
469706
478088
455541
254217
576915
68328
286786
267226
418895
324930
167776
337405
98462
437991
619811
361057
645405
327986
620351
407961
31079
410818
518592
13874
564302
295162
329705
678713
241741
498914
446206
221428
364978
185537
360050
94219
499939
548744
257351
22383
398753
325917
63756
646006
21743
600842
514841
146577
187675
222281
445925
680327
236571
159872
519354
621206
474157
562437
492992
397442
339855
42402
243928
408205
181420
281386
294982
645574
376481
577574
618576
150831
136436
389990
558425
696276
331252
170957
536785
479902
513163
513438
293436
430110
348035
648665
315323
473417
21833
694215
382762
401692
483489
603208
616313
4728
98903
415456
62578
221965
564067
248654
455586
182316
499810
581379
527003
420427
414282
194680
356356
193416
621637
223808
480217
183546
497785
453253
115909
313500
409474
499730
511315
564179
406841
453238
315622
249277
482096
470456
492512
294269
197486
254446
330669
365702
451490
151158
529574
572199
259564
683383
435678
47613
84461
364380
447320
209516
426942
405032
392690
541884
302821
313557
458527
645885
548671
672438
150874
523707
421743
654815
412602
220444
253011
649107
618383
232142
285083
625186
349180
469128
154211
328874
192468
62342
319876
529035
264568
625920
465032
607827
378827
53170
263973
565489
203807
178985
502389
203454
513110
439638
348
465224
274098
137347
229376
536063
170505
84496
348254
11781
145963
437851
640858
166217
16364
687509
72844
232151
651386
25576
505650
322972
199461
275678
308083
339964
34920
708696
527221
450810
558677
516093
491770
7706
372177
169553
4031
269265
307848
677989
228744
536286
356342
83251
395294
425748
464384
678706
131088
452081
61958
61741
335060
321018
96129
378330
601468
424413
151377
314396
484361
449288
670494
353561
171218
506252
64234
597979
417060
151504
333752
635531
342864
647449
450149
195327
500723
442530
615479
363803
500250
644428
146066
362817
465562
132267
419868
281260
335936
487097
250282
166734
395486
407664
685861
486334
20679
360187
424723
499581
218484
240019
618294
129155
709240
9962
527270
498742
126218
286845
275576
407564
523838
327659
170797
583105
374364
418718
390591
221105
175678
360135
43585
122424
613728
413695
497994
387759
329528
632557
418784
581146
146437
157101
167639
282551
211297
64494
36095
178249
212820
176049
436276
95375
241100
360724
15653
629294
204179
169090
701614
487061
204622
398811
383115
129448
680570
119635
224918
372824
424141
239997
440269
662636
264034
169930
57828
566419
317657
490808
67844
693721
193779
335241
207471
390502
153763
127418
185989
3656
183844
212295
159053
420983
349905
420029
603612
148266
432757
126303
322260
398120
683135
337270
409472
445371
575362
150988
38335
298443
714045
321550
178342
398055
548984
355438
357409
9735
477317
686720
130558
465141
394810
575098
529527
389873
329292
658302
32220
437763
497148
608187
380040
176378
634783
587009
130618
710088
200818
644401
197172
671911
601947
276051
183190
439118
108929
284713
368866
107125
321044
646132
360964
444557
173320
496899
574377
225607
628783
271488
93284
295692
209356
435053
358197
265368
686774
659196
54229
420951
445710
123827
203456
463346
618040
219574
417482
387287
101125
430807
159860
48543
502481
88870
320922
290739
142560
272361
689454
150638
676628
298309
375930
465851
301719
438328
426936
537584
306000
334160
340631
301834
391598
661072
221447
535703
549018
541685
319706
154043
124915
496168
27802
578149
159085
573846
460251
465266
546166
83863
696333
427118
538529
115082
55059
175358
7240
196333
106112
495436
320138
544147
387698
321740
519376
648278
308561
58478
513165
266166
208970
315952
149407
60592
31649
560226
395615
158041
169125
87592
225095
621033
680144
236745
167603
293403
652679
488896
2233
223879
385335
133472
185354
136819
557225
659273
633372
24070
548219
223648
229605
360260
399192
554142
373435
10376
199340
533011
320020
156699
69808
112631
579851
192102
619324
191284
568319
61316
671297
353485
457117
679229
519985
21013
691516
413336
715873
330076
175256
271640
30538
324902
301523
534009
714027
356955
218482
158780
217088
715457
571155
235579
680110
216373
17980
23348
416262
16745
295402
408226
245176
506933
649585
83971
702577
693680
436589
382504
90525
207990
643829
210984
545192
677710
309139
706716
117314
514594
585294
494018
131284
62589
325907
153457
118096
422873
168808
450917
380309
138721
324136
103745
166977
557122
232356
672167
60490
533825
150164
236976
287151
89691
414773
634700
504692
200808
535266
429921
224952
424632
590389
440
178334
555794
201725
633625
208194
616525
628429
438069
248412
679835
538345
263811
260424
549434
172691
502194
644440
399978
241057
709581
318360
101342
642611
240230
311018
118703
100910
407701
214180
339694
372971
419927
564637
134994
445596
663856
440643
437865
356019
220037
404973
150203
563783
386042
352188
472968
127642
634944
440806
253365
384464
207233
667264
367439
460539
302538
607659
285825
325813
108604
72530
481908
385185
130086
559805
644289
300975
666768
257678
417804
86929
408891
234824
626004
394898
576697
327637
561142
126744
659947
565685
549902
461128
173473
226749
364053
249981
94596
239939
710485
114479
709016
645743
422291
326434
93445
301784
323888
614930
451382
537525
357865
138879
536069
497475
534531
204242
222810
429467
482137
348198
165050
703135
641191
649856
460973
633645
269347
507521
662340
517211
432467
613030
17249
133571
22303
490624
183959
411549
92913
708112
150541
331606
312095
645913
185232
477836
533533
90906
364277
639153
273969
221143
440707
431778
327810
167092
342498
64356
32374
263633
171702
500953
34294
354027
256508
43263
465112
437360
573975
644956
134303
23933
215215
576047
386863
531969
574421
336695
559493
235711
309566
425453
260422
255173
400983
69095
500341
582429
271550
333926
68876
274622
374192
283878
317490
362408
524628
568288
487507
334178
475774
410170
280349
667202
283525
54193
129222
691531
640437
432166
6980
322866
60064
458551
428479
585331
662452
247858
689047
386981
386879
369568
306263
374948
212596
338111
176749
225214
248476
559807
632548
57944
401070
62007
276117
384189
258419
421036
246762
384008
342497
389476
652173
376762
69169
207077
855
6594
300249
628430
631697
145823
474219
458655
159926
94206
306934
582443
459819
1415
407837
542901
256958
384168
391421
549647
435684
618592
557138
380556
128412
450979
701831
163024
560371
255672
414553
695605
575558
326458
384440
713209
1952
516423
305591
125707
648252
325235
607655
365397
710767
297187
497849
627477
224480
26615
537745
426976
211969
72475
55820
58383
454441
108723
443883
343103
164693
394088
470594
471320
387738
21315
514822
554206
708284
676940
560101
615779
13635
165915
550205
167917
330686
121836
218978
24865
285310
145116
620905
291287
313966
118791
498423
95293
613000
155347
620372
250384
255625
164501
493425
321358
405612
663803
334583
314274
610192
550054
532945
457384
219653
511420
116289
178628
479727
150796
306853
542513
486609
658792
647947
16801
179192
172851
310699
630321
628953
395098
172135
537499
387632
9718
18012
334790
231316
109944
453724
288806
641267
612210
250176
695974
510033
497460
181245
706597
27197
355771
252886
464024
431275
434532
258554
486900
256770
452919
13256
250011
514016
14476
454987
522521
683184
390625
203941
285210
142796
69388
687430
69379
382707
253421
235828
366685
662717
523971
641102
234098
144079
635260
488438
316171
68281
176668
534421
571885
274130
95197
473058
340641
67418
225338
272267
546239
534665
13629
242524
236065
497190
654476
345825
535965
379992
455916
125165
526919
697686
247039
66590
661606
161073
585763
472872
254303
329368
359356
288034
307866
689298
307955
167403
294835
381777
7806
699310
494617
653168
122959
109033
101030
277127
119618
180782
64653
394012
71113
210696
583874
450159
569605
480812
199382
423099
133100
679354
107366
163521
334868
27380
460782
161233
71424
271690
467699
432191
429586
479969
712260
64250
616448
296080
702455
587494
625937
10120
573621
345730
231830
214300
390531
18890
252567
568323
466985
630775
523321
665641
108155
485120
632879
574379
539505
422849
253778
338755
571995
219309
357388
25659
523333
165553
216047
253665
526793
164705
357794
170326
3168
360205
149277
117747
14333
228647
100352
431601
661046
701576
72741
535540
273290
602372
125037
532577
65404
513564
206018
555694
488449
496968
474049
665763
415169
521225
134797
224691
621762
365854
222012
715515
255287
285814
9034
692752
314646
345840
347327
709386
372275
61125
299971
408559
270378
681949
62536
271364
166952
545484
338327
218563
662039
460431
383577
521729
456409
397056
201031
326566
67710
528
313305
7416
664183
575084
572606
561271
549024
94792
408894
69634
166502
305944
252799
164230
355981
518144
97322
583045
118169
661073
613025
135490
579868
562949
230939
561969
207707
168780
511154
647327
488872
411368
587136
126381
337286
454588
12904
184517
649873
392644
404557
17471
117266
655120
236606
32034
399479
160420
348252
565782
402760
646339
54941
244197
519537
494979
192856
531168
1839
573070
523968
656312
582837
481791
10101
567758
393373
538320
715036
112518
423843
35966
666283
694221
353593
477136
626155
321948
414382
201150
411017
713171
547192
16585
3314
514725
597072
498580
90792
712237
327875
394245
198176
647460
57040
90094
416324
103702
151053
197896
301078
52484
439170
114293
76375
235234
616552
531163
358254
500683
385790
54652
575399
516849
659195
150569
176524
468308
218782
37611
512268
303392
156242
233657
139681
357185
99685
371479
703939
241650
60115
472228
395580
709493
359864
217065
682819
499824
403365
119430
566562
523965
521156
520343
281524
548783
20520
16531
253139
400482
40185
331138
677220
316141
569065
471150
338464
257736
254043
579912
363492
94367
135566
351384
397030
210970
512995
695796
90516
702482
206506
709348
674284
253852
245525
515443
87791
226031
98460
139562
546098
156389
560396
166229
272841
692776
498223
274625
399336
565115
131256
524028
40690
310870
616093
241681
404455
533703
461120
430870
234557
334679
305092
175611
278847
447662
559982
405174
135502
519227
549407
469954
648712
492734
73426
196413
444959
392119
495707
626528
682692
386613
489252
447235
478015
271818
657676
426478
104195
477257
91660
439761
82527
338692
379082
300335
509841
573930
263005
308185
90916
647293
180909
240724
76957
349476
647544
645392
449233
523570
421781
575459
324780
371564
112618
592454
468287
415235
536530
664333
581565
297251
701852
411877
221370
151017
61511
308905
281142
218345
512686
707271
647171
365900
265141
254802
510308
232885
207162
169178
709168
165001
385832
375063
670515
670681
459956
263360
300815
281228
384761
413749
15220
696281
152872
565803
469094
710338
354350
496070
543409
249313
629020
12801
169874
391520
521909
629710
483038
632489
624937
137141
327488
396230
299988
319459
142589
350674
287790
321392
599358
506015
564897
480119
445142
211382
314035
661353
630687
678876
144356
416499
69175
348710
473022
367438
404440
577315
552491
374540
415622
177807
168966
175208
620098
693226
467133
625731
60510
227247
244097
412261
56397
567418
671280
629795
522190
671926
279748
186174
428044
379736
186833
334392
238947
523801
604533
565723
485276
86113
26794
496916
446741
94838
349607
562747
110399
354140
618843
619750
107232
307233
296350
356307
84757
150825
378040
681267
183832
407033
241941
115841
200977
552160
221588
613181
475335
450040
455610
625142
564055
220208
570643
305840
239375
443620
306503
92734
407006
625817
545397
417118
675290
14126
327096
512477
573025
634986
281081
6987
632304
307489
62072
142620
613170
636557
574232
339109
352592
612319
276174
421495
150136
640224
345790
464262
254977
383464
656471
443767
348488
292538
405844
517669
526200
38626
314126
434120
55384
566084
397981
326132
285241
292750
205264
95671
127508
245561
315562
172225
488922
501320
108584
581534
636969
565857
427301
545148
152711
534718
536416
75848
122779
146183
162231
15681
169751
426776
276317
17773
535324
8768
432856
71954
281382
308091
177301
196194
204576
357066
37596
428321
138211
130555
60947
342745
678696
367290
295201
200367
309128
710810
131225
414400
22122
283951
339047
173251
105907
367320
520837
532726
688207
169442
495935
474172
312569
568994
307057
680086
433793
490221
558526
437574
270558
598355
44948
517980
341449
441665
499634
51439
566098
118218
567769
451752
451502
199487
183913
337458
570652
511152
535515
172069
93639
500285
446816
511608
171146
418554
185495
169550
466288
640587
427155
320671
265459
223147
413970
16548
255217
504568
144421
165969
542046
265523
468497
432980
583327
431118
349099
681889
537836
416543
285684
665049
474152
291464
647626
342566
645099
499470
639570
314473
373537
495765
353816
177002
649036
12189
644118
643727
615497
513522
132088
614466
64933
567204
388292
307241
376757
575994
125926
263015
297087
512591
245340
693421
229970
396
629498
133928
691379
97515
670028
6564
169997
457249
409541
515529
674049
295260
697845
343874
8459
512956
348825
265718
371577
105514
583419
491494
69260
567038
478399
400267
364757
390095
478243
38647
468377
433722
168155
38935
64219
69677
531782
451655
362181
536392
92427
496678
90528
562541
525639
61371
487810
166758
436596
260353
566887
533911
21368
348217
649589
136370
96039
370930
78009
663582
156945
648984
230053
628353
60873
372874
87786
561401
319803
533313
235171
206301
662223
558516
701523
435014
309070
229261
163139
144001
682417
127914
413146
664737
107199
280783
464995
18149
526717
72809
277917
310814
327691
132169
603076
691508
269992
194605
216815
634506
372534
193844
152560
570913
647181
380396
246829
484440
236004
439963
278194
60480
308314
483602
579056
636926
404424
513494
665260
639200
293118
181760
57300
311783
698480
468648
313670
2740
305614
329911
269074
378638
498833
667740
398312
179557
695788
33348
449506
112560
540707
138259
672127
613006
450227
311055
576824
561832
404867
443490
270745
545831
485378
167446
135915
499386
572941
234148
633553
307815
101053
427613
317237
126468
128472
489254
666987
566553
231147
363914
419252
170558
681335
575798
377918
626736
574609
522909
269924
70193
646013
295002
314273
194160
133751
294059
86903
71661
461825
495999
450409
150835
90230
557215
401854
275695
180291
194062
25203
33154
468838
683534
679787
479221
69232
225958
374862
399542
378868
633290
205737
444204
539529
30944
108703
438770
119782
246074
442914
624792
483313
413691
146298
384555
377021
176800
223573
4225
476601
299021
489606
513767
338997
353969
570888
520950
534521
614016
626291
571469
413279
427503
582798
259898
588651
683861
170737
537913
468190
289379
7350
181520
264984
357427
580371
26398
459496
379050
380028
635390
435099
248805
153490
709500
391201
219707
357194
538250
542256
12878
572070
53389
212042
57892
316539
271755
169256
628528
109669
570173
226043
645483
646422
567839
97430
353211
416043
559026
1168
220952
279337
453616
126034
483826
354226
499711
202474
281091
164962
70800
327123
340423
27842
437627
88869
700877
25206
493076
673142
64341
164102
107320
635476
263982
254847
392772
445197
373858
647298
58196
174781
652156
416514
661825
639814
661904
517876
527666
331581
698483
271531
271637
246572
697927
296935
539097
598486
71936
458489
671863
359693
108460
462075
626281
324557
431704
232738
139726
614451
478321
490627
411865
176987
516567
287189
564420
564293
298763
175860
5591
639164
201212
310452
168044
382067
699900
406477
255668
237402
550793
370469
313581
687484
532775
219440
473793
549456
284206
101472
263109
510199
330304
269602
653810
167319
192379
71791
244479
315131
397948
570991
151560
20345
550870
231800
307097
504429
400901
448401
124282
522331
702858
599172
242652
70529
532547
408500
235159
254618
418722
88430
419758
631024
224310
638631
2201
280710
62285
192938
480085
247927
576985
653460
233588
403595
450303
89543
358845
615890
511718
604824
492666
497409
199775
117034
373585
640331
100872
679301
390946
165161
510761
556745
491010
567500
417564
302335
576412
417594
152445
235045
498443
84034
327179
8932
360526
394945
696136
313107
383333
477992
491616
390288
680451
371461
179665
312133
502284
133186
373482
5689
508560
614973
679049
60090
150327
410729
462175
253907
509803
437324
661175
442683
251013
533338
187234
226030
662356
241733
240227
303010
500876
261117
573458
250366
513283
117843
569686
26450
379807
469347
552787
494899
469397
86625
164050
565112
118496
534853
307813
382438
252361
700
139128
264698
689254
437687
675504
563118
419990
272630
445672
196660
186904
612265
119832
276870
474849
406375
655519
442502
525417
439511
679115
679388
598682
435111
168337
348494
250572
354598
364877
15709
139553
193499
155954
349485
562529
281796
557871
617586
303364
312450
329930
176964
205825
206900
377459
437346
68416
427194
193199
499863
292624
110687
169924
628846
214120
199693
314289
220765
612495
207103
313378
348919
491410
388252
90016
168024
462752
626297
64422
360139
126709
429167
616046
15479
169843
161739
500836
436439
39965
565701
8187
159467
561930
595667
223388
226172
207882
566856
271691
505671
109678
369818
727
265492
505368
193362
565451
297169
451905
703237
372682
613706
177516
539407
151230
18598
496900
96237
514673
622314
471347
197180
325486
628417
547021
289841
666334
118455
209554
389293
515712
425795
693685
97609
228792
710339
454760
527420
431390
632471
244041
466014
102653
121039
639990
286713
657821
407498
240371
438618
252680
272393
422644
259939
349100
226809
681798
433421
561369
262624
618182
681191
332379
494293
547962
355897
13025
353635
84500
471288
509479
32743
508151
679933
55645
110720
469662
348044
582597
445507
520394
57279
678812
410642
74349
378978
451119
564503
511586
399228
413408
401122
241725
495844
148651
31978
206322
37073
390826
336869
397891
332884
644155
673659
529852
465567
563428
232371
176124
283767
524771
264688
364001
426431
427997
495785
646955
139443
169715
96765
111341
432691
690216
241096
320594
228166
569196
233444
494535
73774
381396
481150
398714
32736
537461
100653
289428
379379
365736
286460
108771
226929
150784
480644
610292
539027
285541
522825
594897
394394
125771
21839
679539
515408
338007
367241
537214
562685
621979
191912
74333
569441
306507
478442
418787
386058
378050
582736
351679
661748
560566
561134
518064
714364
695435
171538
648667
172113
466817
513992
520093
538339
422803
162899
225984
167506
614486
279265
531
519170
131411
348928
341519
414391
271045
310
427475
209102
699984
486924
630221
207677
398901
235677
410616
52969
597112
451811
248505
198040
12519
109999
399059
288631
314880
429655
367258
206563
35
205144
553320
629852
385874
709087
32752
633821
609146
193279
301144
504465
10226
326978
559853
241013
709886
338192
308616
58004
24970
293176
274967
106847
475816
228138
567917
38546
52998
340634
150696
17992
677586
309764
376773
38079
463376
645987
568295
389465
26853
284791
556796
236910
405793
40693
485181
284543
378259
245154
143482
8358
537266
548138
508532
482789
326957
309406
289006
656750
489531
466255
512004
106368
518865
184058
270179
267951
216082
507164
355553
447645
711942
414906
168348
275256
672794
450966
141793
331343
656026
208653
51529
544149
294957
362137
635157
143497
146844
362800
248170
61561
94528
499802
631314
546284
307429
256917
114973
392957
578142
487093
326455
308602
294947
461357
386375
361649
472306
400467
433828
257016
231708
461548
259922
657177
337491
447640
597262
64714
618410
567030
334453
14151
415902
329277
53398
709129
694394
311465
420557
179746
209893
401284
97072
445194
37503
463720
622915
466083
278555
465532
323156
115914
202059
579875
536548
60034
124376
252513
305810
677630
672055
451010
301000
336756
333566
183789
84226
577884
614127
583693
2536
210741
198769
174218
640800
98818
697120
653267
361118
563238
92889
255226
463917
536896
54640
266443
300811
249884
74028
42404
320060
663837
336905
496793
229287
153819
457114
353150
579772
90822
537050
100140
309497
64360
30369
265085
40337
258496
245534
502531
705165
553640
381390
711514
1973
384181
355232
515726
554266
195989
451499
181168
383232
326446
673780
473217
3273
683763
72162
123441
453752
262702
351803
536606
394497
423613
241806
230961
336232
163206
70266
5022
54709
470922
122047
63155
266694
492200
331738
580226
544937
419261
385442
7869
544677
671884
285505
712230
303414
438878
418638
327638
440051
653530
355657
625145
512978
414247
448763
522633
200183
525296
474322
58727
641503
416973
491287
350410
399397
364322
95384
452692
165033
709897
322
409528
453133
638950
146977
382650
416631
166482
236020
456104
272487
460651
696424
89854
60757
402326
697834
364727
20971
30817
504510
168891
565681
51897
169700
6358
587058
571023
450122
492383
301747
169222
393795
65582
118267
134791
194567
285036
655830
387243
325992
693856
342898
621441
452125
474390
698937
560505
537185
250496
449365
526573
158536
562493
649037
253218
399840
266435
419460
191706
127549
349624
678045
585658
361827
677560
281715
494663
198062
676707
160506
547382
358832
632342
409718
40706
445374
474961
387515
127428
228286
326586
660140
477848
238564
384425
676365
504649
331160
231476
570190
390750
573683
341156
327664
699130
105668
361008
425464
18067
449045
347562
514762
334252
180513
424896
455646
456690
159983
640481
364273
518145
244027
422992
366393
436468
692761
286773
560233
611603
513293
167568
270858
516204
106963
604273
420997
357841
405241
449698
433736
526292
342824
364716
582766
560138
250146
538804
173319
441986
126027
316175
630165
349335
381988
383034
714962
507152
95006
192805
467612
373195
164699
254740
635046
474081
289140
122085
399477
452245
222186
580160
552759
337741
468224
418545
499337
13632
388429
417801
656780
383473
117415
99396
449552
251698
354638
335992
595866
442123
431855
518043
424172
86255
409476
576644
5788
122650
86224
61965
488275
444601
302947
513560
198008
429536
574005
556074
21825
139815
415123
184302
505063
394035
540888
290054
73218
662762
445769
442385
299924
280837
447135
224782
335083
540547
72799
615792
414364
575800
542430
248619
547605
179383
461065
180002
3393
108407
336062
133515
403643
570721
216957
454055
292772
609444
625200
525642
587461
382685
559442
475787
649393
477947
405408
486684
496904
108247
694744
302847
685196
101483
392040
215243
286054
280866
695379
177188
292662
482684
410190
713911
512250
107513
177056
366113
420993
309826
70614
360088
243225
567609
143451
120055
166119
388814
471439
289591
402331
342540
565228
567952
134786
316065
470612
407401
470802
70854
419574
121516
310913
20033
604885
625514
358754
321935
654013
474136
43454
178959
547374
69617
121189
365665
468750
248673
505944
20405
417802
633868
495126
366542
12125
139122
49153
390936
393377
16538
529864
347639
672497
344321
441195
342615
655009
167037
174566
161334
326834
263758
354567
216374
478789
154315
483974
667076
67416
341467
146895
645418
425800
445576
504373
136685
24018
120315
31299
502660
412719
259051
85569
627154
339808
370747
633022
275621
649632
660830
54432
248145
613475
252676
165998
242767
167636
4186
623389
521062
389874
95047
489273
467483
271620
316498
139792
331042
477994
664539
435225
551145
43554
181088
713187
163292
648363
250470
459406
612239
252790
251746
75640
494239
570879
295195
54668
631246
234398
334937
34695
656384
406394
569485
172105
695402
451945
578238
468531
656441
651754
516813
279490
272356
17841
167691
492560
233054
220352
442362
323948
428282
225506
504016
629130
98907
193094
656129
326367
269483
417505
185389
71569
407640
205928
77905
36968
44211
2632
186839
376123
649343
41778
557281
140004
263665
670162
318064
621068
464088
411660
56992
173706
564298
57130
316370
55072
353173
56662
377876
229705
477477
155683
432208
447746
657562
115268
77708
309590
219722
509530
601297
1476
640283
255380
689190
37637
359017
638243
436935
274158
506001
336110
324582
394749
673195
230694
196948
289966
283396
681801
371113
533864
629700
92216
340903
463201
185014
604390
451220
680176
371199
428100
389700
617285
598620
308747
155528
546360
111383
428655
631641
703144
392658
466311
382750
391487
705034
181875
656775
520581
378371
251842
714819
217254
251539
356233
495719
362148
37281
486165
299804
366005
698797
345912
326390
543526
226227
504938
538827
241504
269451
510996
402878
174368
251179
90773
51279
277880
663340
276671
674058
509200
177928
564058
461834
463356
194763
666299
152224
251704
162700
54577
497356
56808
251857
174276
22810
23026
277014
521635
326442
682720
516391
369825
445825
574069
566230
259365
698456
66698
545787
452865
192410
183299
433681
284977
709824
569291
438510
337801
707301
385091
664085
673852
480374
321160
405535
209840
90424
171661
422783
139991
472923
389645
306406
529255
405212
630116
613540
277973
302673
535159
185521
107261
590719
313527
170405
149316
479616
294221
175396
301526
10429
165372
182800
259322
70239
274873
558656
279205
129289
199702
159629
711286
20903
564422
314365
549534
525308
121479
369233
614485
280342
569375
455800
443733
694534
185956
642993
487778
380907
473047
296315
468574
492204
644664
489302
341571
473916
481634
235435
251508
450518
693071
84636
173531
17111
534846
86847
370125
570038
469157
259240
562233
666239
358010
286047
23913
540323
409572
383159
620772
528627
302341
32279
421943
464760
309264
460255
561330
452671
549578
102476
432431
549848
73284
492974
445300
326878
166080
511341
129957
55249
649618
317521
517405
488563
275170
699281
256286
62780
195280
454048
523742
216072
421263
177830
59743
36072
333255
295607
108646
659796
627458
674331
184463
386059
306350
77711
248057
1347
711143
265057
565602
134608
359999
82528
334729
563047
469113
663972
555796
243338
268848
150409
59257
644631
24181
470720
382411
618143
205608
313735
567336
330848
417006
603796
675046
39910
545905
664916
449428
103817
263725
323543
352225
539048
64487
164971
406023
139767
583533
408244
554158
318110
346722
622484
553991
648476
466719
228749
681187
145185
558487
292112
407249
485652
134718
431460
20173
682349
312279
237703
1210
480318
401151
60205
165547
316243
32627
422974
424532
334407
232503
714623
304501
307191
166225
435643
3348
586612
551104
338252
214564
17894
302006
38196
713067
309417
521039
299856
448008
660534
150581
400294
93766
239755
298444
428750
205449
238984
525653
354196
511865
313059
172305
405025
629697
626918
667890
11371
675269
3926
341367
305055
242356
14571
436295
565567
647543
547114
496708
205556
632215
227496
449210
532420
316128
131351
26035
360226
597086
245171
676633
323054
263219
497054
435830
525737
693705
341012
358091
64993
674796
519940
129978
181665
606658
7258
174548
263885
581546
11410
100102
563687
289469
414404
309408
153923
650483
132897
349995
158613
168233
173419
702962
376008
21879
309309
56874
215648
445521
108695
665851
367388
100385
516104
432466
478136
170229
518061
254233
23893
126573
393755
333511
536117
362332
54737
429747
9383
600669
527513
712291
21487
181279
122464
138318
483481
235280
120518
89848
216187
474311
534194
387065
419331
154594
681184
5279
204615
144052
20674
574450
552944
268896
468289
545582
525985
587053
376118
702537
364583
287710
420484
630395
286842
169541
54602
235710
447734
655066
151941
158397
305176
300445
93373
306164
501541
690026
131407
316512
124723
657148
227329
673308
12371
532486
556189
495658
170944
212161
348587
531704
591833
208793
35250
453797
558196
87239
525589
255997
438689
648563
475980
394317
101832
204658
272545
615572
5648
240740
357145
280988
63302
689103
393906
398595
123209
309159
168084
533788
69890
394169
527671
61198
249251
253270
407433
676660
588816
203095
654337
451128
450085
72820
154052
342589
544900
571566
319799
302325
500519
4911
435740
266776
349390
168616
22658
672421
246442
35391
139085
390048
321009
266752
325719
681787
280470
690583
301020
230487
619682
45048
208518
693481
321522
428433
355327
58611
445580
41587
472866
406886
629015
445143
604482
455933
185909
383581
13055
60594
657555
609081
680025
691557
406573
331458
569254
258882
111444
293479
131802
552942
444850
390646
276635
710976
406086
394763
1599
448647
548972
612598
92881
24255
62238
310396
620841
176099
620361
195511
89317
661290
636602
394319
241521
377668
6070
20783
496451
22434
388817
477002
506250
169519
242654
390572
350603
215064
541013
598449
484347
616808
315050
166556
479004
224085
107191
68401
714363
36616
689519
475478
460932
604539
538121
7636
484699
314917
10406
159699
557096
198694
45075
61325
127572
237434
582379
351774
95360
690296
696068
225373
712673
295542
98399
544604
379712
228095
98476
75774
285151
283805
191688
124307
237474
412100
161505
309056
375263
163506
649894
640704
550523
660542
656193
686331
503156
545232
101602
183420
707984
417943
31057
474207
562698
636981
469547
394941
401310
710892
711894
271103
84002
271393
632521
467163
341908
551605
398222
170425
474389
358362
295793
229634
633406
368332
279733
349514
678048
705110
674313
625209
332033
513644
6014
24197
163956
260559
12905
38671
156212
21227
226410
476316
278835
399984
174130
383063
495792
644413
150000
121327
669566
242175
357330
581357
61913
193235
164361
496596
215907
567176
425842
672384
429731
319626
272227
131874
533618
358647
217152
27588
416627
106247
33318
588247
168193
431961
255018
490940
484005
711507
411280
230178
580539
281968
518949
711425
209476
519180
206496
438237
104796
299005
493431
270330
619675
121217
452734
517790
21731
109528
637807
556905
420381
693387
695469
608728
347014
536780
513995
53979
325641
455367
415732
363029
387337
99457
373019
171847
645741
403490
148401
300671
111911
119787
56663
25720
37113
231885
336853
139169
357513
581138
499395
39896
61821
368148
641933
285499
159724
708339
504190
10076
109694
586475
621714
221617
513057
293520
292246
206651
414218
301962
487541
179195
652539
398977
207163
313195
438374
129355
21436
351715
354941
367244
306753
115648
195018
702935
58798
261345
237382
157029
232833
179283
301122
3713
412289
142178
208633
419039
275972
281507
693783
73090
151049
235116
367167
302969
170054
634420
196432
484412
570316
712003
149855
250784
434215
154820
92856
55341
404596
132324
644776
128270
48703
309661
416487
123280
422287
361513
194087
274276
493605
436239
360228
558145
676485
325593
153890
44172
425564
490878
534585
129614
629004
466631
229091
657642
167668
183113
253673
170040
704397
710311
554248
89815
483743
224257
221307
64269
546184
137273
106655
552720
91113
299984
94659
318001
567041
696959
537492
388617
342514
440374
109628
404460
527102
255531
459896
13618
324130
249780
92926
295823
575079
22698
315657
294076
134434
673630
385477
28253
111790
285378
67772
230806
93807
221962
346103
619321
613649
182602
30932
454488
115840
209830
204307
208846
638962
299222
257168
74376
530692
650335
128285
158664
360429
462622
395629
612920
468128
469159
313851
621345
652157
257080
483978
368265
700726
416206
173438
203868
97539
311178
552096
493031
655622
211353
197698
328038
107133
68399
687909
328205
188468
73433
641251
710601
578971
402252
580159
224087
397069
495077
231717
59314
235126
516905
439036
316900
716083
436190
352147
596921
469373
39545
12062
156012
625373
13266
63087
131076
687775
436306
258709
28226
462425
352864
371391
350921
470340
272111
169640
221551
639350
446771
120283
17207
212832
556044
626236
408424
538126
94833
255564
398719
697121
313505
404794
634457
319089
605342
256350
187192
624866
302875
616887
9560
425187
532387
328700
169805
252041
95995
8410
573963
396566
508555
98397
508649
713359
354900
25787
577678
341525
121247
205226
269155
581671
641123
273925
665756
215668
564105
497198
208654
123180
228742
309752
551517
128811
301794
182765
248885
19101
69159
194421
70059
417215
303571
462439
24880
287986
546755
181210
3962
535711
703414
565503
582645
379843
577224
394251
538551
582630
454337
514285
355231
77928
93474
385686
448766
159719
272882
244013
223226
404552
325357
641813
8899
239404
598439
400504
550345
158502
621992
348485
370224
124237
704103
334980
126816
477410
469109
563905
153068
307770
325241
105151
511387
635552
621421
107580
346402
178810
361914
691429
383176
476614
57974
165088
96771
700468
556786
626825
56523
458569
196502
452795
467178
233782
630676
302962
469710
480358
204564
272992
627192
433210
587253
663822
558005
198687
384776
199594
25308
224417
209654
116922
70859
705889
345703
229471
64156
497093
274883
176976
358114
462969
511972
396212
439067
172145
204266
574469
237419
500197
383929
175972
139310
254324
450935
410986
168580
209447
569888
649620
594596
239168
647252
256789
498100
160055
582984
483267
319967
27155
578442
458995
388537
57221
54392
372841
565216
360541
621954
126574
172292
582737
413486
260518
207897
479285
73817
468083
228799
691995
434273
21604
322507
644483
149486
228036
318516
35709
702032
237466
31045
93174
67095
632122
700855
169245
417920
207814
450421
538211
494862
233577
70131
428502
479636
515256
315531
363563
349226
249892
355996
633392
346981
211406
655579
383082
299680
61667
628995
663935
83783
165342
516289
524707
306276
86317
118941
137892
600466
621917
418590
215290
364480
536586
589040
68792
69499
578227
704090
322965
276641
407337
476644
547304
416078
224311
349439
30688
357851
127644
551166
283784
414888
411706
485148
531884
3696
689320
649829
431672
186837
139828
332594
325264
167988
135765
678468
505618
6124
476329
552812
581365
195912
567272
566726
176075
41554
568191
166162
255659
565129
84455
395946
478859
168168
229174
181588
174475
370181
192151
523451
8616
511331
14395
220873
239518
208238
69553
330544
680635
220860
178896
182183
641182
1579
649011
375233
211955
715002
353881
412016
467308
178201
503379
567607
276808
513785
323217
541610
118884
338535
88525
658831
204415
670693
348507
481680
409625
698831
177414
4913
453128
458714
411110
333293
363977
603917
613896
62768
578055
658728
662440
403572
215159
632698
242809
377826
579035
487076
682377
460748
512016
204153
454551
708657
338349
43456
150183
465866
694589
149833
574637
630224
445042
441739
498577
544037
169857
21859
23922
159887
151304
513419
325403
341021
151180
58623
109763
75892
521036
565732
492106
286263
686002
174844
378350
54534
580852
357746
496396
481564
572107
56600
167750
116607
558574
230505
394515
496262
656110
548086
75531
96987
181822
283303
240226
473690
275818
473984
408021
452996
454949
10817
204877
208387
634681
383086
711959
167407
343319
36994
43714
206580
247956
374658
336839
407172
305951
501472
441178
415007
210758
278869
262005
345138
613329
566215
631115
128245
116411
147830
497685
620298
61706
584344
712440
160669
437267
319573
313169
207850
594295
682790
355009
209520
22988
456535
216504
624542
164580
128325
648489
90932
342146
200900
373996
184931
312174
634820
331712
319972
92214
404540
84286
14719
569871
399353
434406
522641
411277
255335
571873
643847
707602
342621
607646
711595
412695
522041
287024
125184
245777
641942
575603
277134
223898
615909
236873
278605
481603
305457
21459
514294
61755
700967
536138
584009
74457
356239
82120
711618
276733
221660
484854
512209
697550
97349
463245
604709
514814
671353
311560
665485
118652
259960
279752
63107
196548
204870
75734
523413
308563
395899
399116
644346
349705
299580
120028
534766
620877
706577
242737
177214
691454
417719
664880
98210
380394
2260
336664
537615
151938
546534
711280
468212
694033
426669
239536
519280
678797
687859
146478
172546
139626
691928
288469
432506
428699
171501
217212
511323
86328
673649
316073
653936
413292
489873
179143
446945
423264
509644
56234
574842
406512
416183
206414
269960
295423
450355
667174
378243
474662
627221
420129
275082
653313
342955
169122
403739
495485
354449
653519
332926
673341
38394
132934
517156
87125
689209
48850
489964
244019
426422
408986
307351
636210
392747
72591
394994
625179
347928
651453
625038
339751
194794
217131
58111
683490
613096
241198
169842
109627
340819
567920
151199
667251
153934
8238
153744
630955
462717
354476
481412
56950
549047
583407
33044
678944
95131
618630
510844
92689
507977
387103
374323
488865
334888
560365
261309
496710
431652
160590
421297
382190
73782
233100
452114
169935
224832
483129
239275
13667
329415
285009
194411
504778
354023
392564
146007
270132
348238
575238
558839
93183
259666
428677
16768
318959
471996
360691
640977
587104
378149
152466
79858
290324
301780
201134
460612
414054
320843
263385
648020
629170
118001
280755
274611
55311
641725
628784
31851
466958
87803
154497
342231
536197
196942
69223
172177
233335
469783
250353
288866
565272
33457
453960
52485
612144
208744
177563
33580
98137
415715
263279
420407
62480
412978
299451
364663
331994
687152
399711
538735
521213
361468
216004
478311
706761
25373
167406
182834
290073
447772
528404
123227
4356
414874
431315
169780
64873
615427
109727
645575
538946
709180
677118
300960
521553
205966
604455
179975
346072
683166
452390
709137
167356
234635
403314
166151
366128
470742
370071
126949
88933
149525
615247
247145
160592
402962
167826
470739
543613
586930
393964
88927
712154
544946
178222
321080
254663
214658
696341
680338
686869
178993
280422
28209
125355
565187
686500
313420
272558
194185
581176
45759
651862
338465
318561
117595
194023
265307
45472
248379
376713
595897
307430
573599
69170
239161
598622
479280
129353
686576
498407
360779
522943
165930
664363
262656
18647
539677
457382
138627
109643
248951
475164
192330
285050
172134
404343
656757
118565
296983
536908
98529
150880
534970
85173
635667
695282
41702
512986
458951
65267
316772
351710
466630
477987
233151
71150
87421
231613
299254
155848
479938
581245
206124
306877
478752
428040
412285
219891
533806
295868
351766
83546
438502
584327
307686
513107
704006
663861
207226
385511
418244
223295
138107
193411
496335
169717
327281
195541
509774
513452
470957
647217
414349
254296
599875
627120
404606
635330
18987
203646
355458
675363
442340
704621
109564
350519
235474
306419
62714
83717
392517
348708
663893
368740
100592
311167
182667
542015
237462
404682
450343
474303
681050
549386
454869
340679
524775
215140
580572
648207
204111
151154
166809
664826
631509
291193
435944
245152
109142
116768
287508
184123
163825
166588
167377
290534
173899
309035
459234
65232
426864
70026
121360
504160
618489
126485
604201
172690
183512
437354
681875
407192
233803
596000
492975
201473
346179
361261
45610
516528
26645
635158
491864
71988
637678
576232
670491
275641
51168
403888
333121
327029
2603
394690
289767
463161
454129
322500
469812
442507
637759
554607
661923
95317
539058
135713
165726
247399
473224
391009
385543
458325
13464
388648
109462
615109
317720
490275
654491
440887
357533
118251
403291
410043
236116
311663
324009
285524
288982
293656
552170
270701
38620
657490
408472
119638
468976
251074
417558
322270
222024
370821
215756
220728
145483
425979
250623
539
65804
660809
69380
708668
449299
620889
371332
690564
386076
6810
162731
418864
403376
355586
181581
22938
365460
32587
413082
270213
135187
479116
61953
90517
30730
160462
212106
51974
283902
629185
655945
604794
132668
308076
391144
39276
459913
478437
378425
617645
110971
253571
711557
398852
159515
509957
448588
629549
486903
155943
309858
344432
619566
414510
20486
365896
558511
191931
496045
549137
512033
415627
503650
658317
22567
533020
26181
335983
249200
225121
648978
361556
221454
514517
106748
458598
514416
582536
11340
624676
553722
253084
218052
101544
313695
214790
626619
698142
253693
122551
431209
699772
85552
238818
276333
438299
433523
608272
21037
11486
71875
480335
630243
294018
11035
340900
541772
306421
476886
451404
512685
139569
326983
293445
338096
205334
662185
197020
581029
380312
120195
437416
483533
254936
121155
559257
421322
428605
58586
640733
331490
187517
462276
336486
631409
663444
359302
585888
410324
487478
40360
712822
324126
513062
583150
454636
577963
272006
430769
83574
368794
395104
510110
520462
261230
429778
271452
225688
664516
168990
346144
233784
133643
482953
559326
161509
135683
564723
321197
340238
126143
218527
526194
390897
409581
669902
538796
457244
96197
271761
397089
316509
314980
690774
154887
452308
393193
305625
218151
359694
395745
159329
161242
250369
430930
134964
579430
450165
693135
226591
696745
483574
219184
234444
150601
222741
90748
477611
135273
11946
573890
368198
82423
306867
515362
96120
416173
108908
554159
264264
27882
517056
301126
429387
493311
709476
70877
132097
95572
139836
505864
245459
566001
349751
480260
394167
92660
664639
488841
276674
318120
38681
680819
272536
274410
498777
138406
334605
375068
453392
649770
127481
242731
606707
694679
400896
332896
556238
282680
538988
337726
39600
411978
169469
5850
69385
461072
156318
285315
629971
333020
348557
115716
255178
468823
610187
570928
524171
216306
477456
13404
702231
363032
434846
275250
280169
494516
568784
89593
34607
22937
166094
369165
23758
248898
435327
205505
549834
367028
367786
641730
495165
699995
183853
1980
548196
42116
150267
567719
665229
38412
60463
336642
325253
89277
320396
339906
164330
393418
278215
155652
392197
539186
146296
111844
652807
510855
29219
618306
285166
346060
568459
542831
427457
355453
155858
517152
61265
205531
397650
457055
630115
11485
402385
214878
422076
457211
407194
87552
160651
525508
556180
130017
540683
670589
678030
365350
661573
465092
154973
604267
428007
473515
403352
620581
438974
145288
36500
678726
416556
466445
468024
22390
462970
293000
168582
180276
401149
571688
661729
21441
94622
219529
27553
677262
369699
207166
416531
397214
312292
89309
663691
451089
615580
219699
373443
640425
598350
226476
500678
682449
663800
99112
233668
682632
484459
403342
473829
477561
638813
295915
159770
176408
64526
278127
139084
700901
511847
653585
681794
447906
175107
120628
707649
695479
166055
648468
336386
207587
509871
214656
388082
402356
413670
380397
674
495413
384777
69346
439735
209504
559090
255169
220700
94380
216301
489363
407210
679030
701032
569279
104641
610522
484627
247378
567066
386216
419246
488046
653699
93314
105090
245006
445132
340082
466671
484780
657974
232951
469168
579231
497125
630344
181936
205348
521755
272069
347784
688169
149658
625098
305050
338751
285649
652353
99689
536150
487903
691963
136971
488952
384169
473652
186969
153883
196689
100094
489628
596471
708371
470852
649457
5682
514651
712048
218942
657819
354794
620196
574248
448068
197633
457480
626983
21941
260575
309511
406187
307851
56793
534782
412692
707131
474433
500516
519221
318853
198719
378057
512849
356654
41020
463231
477626
243776
246564
243967
268363
482068
154686
243133
469508
495158
632539
341513
434897
224178
165344
537808
478254
311230
458775
539748
167330
674338
688316
182744
547463
676612
352895
591782
94364
559934
617324
84219
501726
352015
557650
169899
7874
391814
585900
421890
201328
255565
414892
112469
366088
345603
139502
33609
678536
236401
160456
318062
21558
373481
36029
687667
681905
165916
45735
520880
577641
266620
389168
332615
15962
516542
509397
498825
491798
364271
578443
604601
661511
363025
357781
371507
46044
705680
522713
155442
661508
174073
677718
413587
350816
173524
543325
232014
548338
465190
245359
588470
412899
36710
468481
138876
216116
605245
410688
172096
426698
523777
574912
5250
168997
341160
641250
691066
88108
543323
620691
263084
495392
646952
328231
419062
575297
127059
713540
282688
182732
149387
298227
132425
205909
548292
206530
381290
569261
484653
709138
136489
604544
672941
700386
16313
25172
90985
320985
264649
567712
175288
107087
489068
279394
439834
483697
456773
706880
64148
467862
485060
391231
551580
393180
501913
214468
39997
289374
563415
176480
368751
455639
431734
381364
89781
209820
714245
432409
462187
372832
164622
622417
449135
376066
389304
560431
159660
679866
389117
364177
563189
242114
714030
94271
248925
574724
60754
177775
683980
683946
323028
436311
556212
337172
237383
632497
334224
676535
35404
472969
234050
405576
516437
678809
608451
407681
300165
165609
89675
401567
513418
177849
346537
156045
99049
514252
472148
337732
512882
456586
301586
604154
416951
249921
694252
689442
272707
349150
390301
256751
115367
444605
641290
218423
9370
293386
11559
286700
710663
226654
681142
399177
177747
485693
317520
518971
407621
430134
379297
413697
45461
585
298249
221045
293282
670206
12523
231279
637893
117329
349699
74469
129952
123813
40148
451646
698123
452883
160793
350722
682
222443
436767
298294
318828
334386
680684
187158
315981
302450
245049
405152
276713
404782
305896
479866
228241
550265
406836
172976
520003
361833
469003
467959
521581
324690
367862
603468
53760
689114
319935
361290
578979
509989
169361
531941
155946
122907
649084
450070
427473
655737
708390
238606
32629
503534
564761
504081
519906
326905
714789
451648
500283
104867
420332
395619
177533
528649
412557
621145
211299
573509
225616
219835
242546
121166
139094
37732
275015
701739
123635
224333
507970
374875
657398
305232
252624
554148
712363
361498
385953
146352
321914
656722
438692
652501
354656
493092
253348
559876
424682
486131
469807
183925
245289
528906
202128
486602
253062
82579
30278
507759
523846
248349
648003
382247
315856
537337
684407
388930
160553
197358
616318
126613
308434
73640
422787
313593
168954
35931
494645
182641
683848
131140
688118
532625
444776
131378
308746
528584
390613
358848
444122
127436
545120
524360
542477
394331
392421
542117
209639
337623
689425
324948
318058
500889
192176
556741
340626
398030
303612
462973
105242
375336
156162
336583
637253
346730
169882
621207
220523
229043
626716
504324
402565
429504
124104
670108
299559
547385
486863
493779
22714
83347
500256
12258
229
508439
225290
319676
96886
695092
272672
495676
499839
430914
403355
508757
569597
340391
183081
384841
107644
90821
241052
22367
662952
463446
338188
85246
270571
565831
479772
616008
9592
218664
119945
27949
583852
258690
475257
229370
366503
64369
456855
109259
245392
83825
380099
432775
229848
166543
155088
450829
182760
468331
431709
339780
206041
289435
581206
377168
323580
211880
395400
418384
351534
496804
415212
389428
711316
383454
556941
433276
115878
695870
320888
296237
130417
696748
625474
2049
192980
142672
184467
431261
558225
425858
419351
683991
326453
713992
286454
180219
592248
582629
363408
687329
233515
156085
440610
310636
406408
566450
529135
232234
6856
84342
72285
372836
648151
703131
613798
484300
636317
672217
415230
480520
107705
485753
483711
63067
174126
640202
431040
187777
203149
380590
349022
73300
613106
619442
307876
685704
164683
38703
245163
452472
139117
305901
276605
563790
479224
689699
202378
310611
680484
186967
68468
254640
269755
488555
350814
558068
402495
167841
369032
204599
11734
141588
660372
137822
282384
266900
327736
633379
539674
37980
549216
501837
216660
543815
579897
180232
153867
615223
647518
571391
287485
534698
161226
559419
171968
163959
557328
676766
449311
279840
639826
616152
204259
57766
334996
714804
418028
169262
256817
522877
305946
102163
46790
479484
89916
169386
705193
641603
429582
370206
41777
714891
11566
150469
679505
210163
454945
687434
634092
329856
303324
378718
636720
683587
184045
305838
557545
500435
380881
6310
559834
576486
206654
26563
612379
513647
690787
174237
335885
510793
635678
276550
428952
320894
240831
372271
305553
3340
282625
218705
247925
692042
53992
527925
23173
57112
156092
176752
57472
182628
672602
379810
692032
326673
423882
672443
449110
92447
393537
403413
450200
528160
237286
176815
707855
388316
311587
452134
177233
8975
391424
591487
414663
386674
319964
262485
567549
494468
706940
424732
117307
7208
135923
235232
300736
196384
687822
308403
239583
455828
152961
499787
313787
160078
322030
248456
310507
671228
576695
349340
411651
158544
181738
458176
569138
200631
243456
17256
324634
714455
107690
310591
325438
85813
241891
549726
333017
537641
514311
503705
445603
625549
581164
500163
355428
407819
603403
548982
420717
394392
61567
514952
122093
707594
389433
486556
496210
249172
480359
678758
163489
501771
466391
40722
300124
294165
165109
63930
622539
230971
10195
439376
426109
240397
699184
695980
697993
251802
531424
145858
318508
211830
154787
687940
715192
692056
696300
126139
115533
10028
579187
476295
177696
223057
111108
494955
546586
150864
644853
416502
531606
346717
638201
545155
19242
69924
262909
279
29079
686868
486473
603213
72295
372163
437285
21414
211510
465778
56680
357131
397811
305644
9307
358973
568321
365113
527312
555833
10963
101404
348693
312123
350364
633311
352127
444512
362078
707684
618417
69032
454405
329190
441440
313819
683372
701678
403604
548397
696432
254902
375041
588095
223099
572849
372421
354471
153735
715365
520902
100227
226454
436591
548026
467712
61043
248079
426904
11395
703243
314080
20117
674579
93866
4041
688675
39141
640415
388105
299508
313167
275906
54048
372463
443311
114469
614884
355359
294505
640404
245078
457526
207632
232537
37175
408218
571285
101058
204250
576785
123363
426520
246373
256568
677267
489084
450920
245516
118245
714855
530046
631929
433668
631648
71397
363235
447327
589090
286287
457445
128743
457599
169933
463583
333410
379164
646116
377615
327464
314121
488050
327794
696334
3551
279538
329628
166593
356100
337987
380604
613138
539077
696111
281982
293485
128152
364384
251558
185633
662436
557354
644182
558215
679802
390799
387054
94672
294011
299734
370904
38185
412684
154766
30244
630548
372676
295013
128640
424304
364283
626698
275446
394101
107354
448861
110314
251235
687803
425096
84692
354878
369844
192442
3562
513016
170646
705530
703834
644380
191474
142033
398476
340937
288821
682864
597887
331638
309150
502086
18480
349703
606537
268320
131282
116982
208890
569672
20662
284485
99017
603816
241162
173917
289117
293041
546025
128388
116200
293351
311642
25114
376148
138815
494592
196473
417402
161010
432484
262416
88544
205007
62051
675109
391328
131207
420398
63443
429544
465089
573694
633013
710747
325003
407473
381415
482600
527308
631064
291219
392170
321231
87643
86546
178559
521550
271193
15797
618315
184853
162145
84398
437374
664193
613890
670646
299315
652772
262164
682580
537477
655825
383633
63187
420420
639840
61091
618192
228743
151565
430017
313449
230224
281079
205695
524668
415245
93057
132767
338012
408685
233955
252997
153419
695600
171856
391138
654295
420795
458214
51437
89587
660960
18872
169314
343894
250679
349711
235803
396806
172298
254265
651834
635043
520015
202221
687249
542474
536675
350423
207278
329497
215465
613040
315534
519665
484665
26742
712866
3104
518398
520222
585029
532856
170811
513761
328445
166954
167541
467261
370026
457118
537740
475733
292174
209139
513579
15680
138408
432100
568252
542841
355811
706343
330309
7429
380868
576956
264488
359903
220014
135824
37806
223415
215090
95354
157561
209933
625537
565975
171660
371808
680352
420150
361890
53816
17460
586269
232684
599623
19110
169779
668974
57530
182055
415775
399462
429299
363921
307283
681098
505011
201197
435409
378074
126910
383600
673187
440684
465546
464821
399603
712748
177642
450776
159700
264176
637953
251413
445147
265553
405209
271394
251818
127111
192195
109860
126049
278391
19869
136527
9664
410606
449509
246986
674581
2124
479448
351280
363161
466834
708482
657069
444675
319831
285932
9283
333221
187468
490696
359323
355179
91757
5636
173915
169612
346847
11642
185341
387874
254736
468441
422490
57289
131048
291748
135476
178269
710045
443566
282416
99215
226814
307168
712665
507507
201117
389779
1200
673648
229458
19375
407872
316190
508076
619824
257169
457458
185524
354954
479843
199508
566669
576979
110279
85333
396182
241412
537991
517165
482791
477344
714530
173693
156803
343087
545180
644970
260514
438281
523952
359474
615875
866
407863
95406
318344
3048
561582
195870
523205
679881
537766
125812
630569
131387
58344
274853
96880
242416
502517
2662
2724
71389
701258
176047
110633
544812
359096
479220
349832
264831
174250
106574
57727
380693
63760
300370
351198
558509
712669
467411
440024
697885
302090
2999
306596
377450
345411
150077
589171
386124
3966
73929
341109
617610
150264
67212
252044
41542
167215
376044
548253
362560
126990
564477
134448
168240
89790
711990
377989
217300
76033
216842
472485
689421
355605
226913
267490
423930
348106
708516
203562
559070
486990
569315
14522
195938
34981
632356
132320
532371
69026
135541
472962
602964
527079
666072
688324
198764
714852
60381
649406
8006
523830
637713
683341
177403
563235
84655
683832
683109
40236
657786
89608
30732
682798
503592
38981
119442
118306
36104
121244
328167
652095
387591
318067
615679
673250
135969
101622
329999
511876
186948
205787
253422
618392
403398
416089
436514
139727
348695
64685
528567
312438
533756
411969
37139
625164
384737
179147
239603
468310
196587
660041
393462
595870
639829
244533
472763
213993
146051
387572
248387
93277
240359
430011
283708
394452
403861
196945
363739
647146
689949
108747
613015
93260
519026
414542
139623
33061
158758
20728
627476
465750
40068
598615
336235
382023
77358
694158
409877
307183
529534
496155
498970
420503
389453
1519
490101
51307
68517
412849
562207
633853
401236
416134
597398
361968
196943
686384
657846
281673
74633
707143
220511
641498
43590
442728
180427
75451
30361
651065
84125
577385
119987
613820
256042
432196
490841
648513
50017
428052
26184
139667
268500
680376
177976
246644
665598
495488
151483
574570
528828
302963
475826
570642
516410
520515
164366
203747
457827
636412
658904
588413
483184
282632
115121
174893
115199
222723
252416
172154
21239
574463
216398
93923
631106
620911
581523
574115
374535
628482
518493
629721
92847
58102
204991
21875
174795
575406
613628
207270
93841
268526
334661
231272
228865
279462
580137
199658
421370
533381
295368
475617
235724
107015
136630
73962
54143
115270
339357
179725
55088
183303
280559
581007
666415
667748
492547
68038
320743
537554
10090
122502
348746
501134
693470
9517
169752
157901
424248
436133
387533
84739
543594
306174
68858
427034
387965
317458
408011
371250
519017
60266
599708
152985
425857
166999
146111
283872
419240
401696
653857
282247
502068
222754
255651
43255
449466
260516
530292
509116
33959
474684
559053
110594
563811
169263
439988
693688
434157
331306
689413
116256
699161
180857
64293
123454
3822
553797
458255
459009
161090
226272
425045
659900
454711
687175
425382
622511
458500
356821
679040
403609
647489
95199
90872
561312
396992
631658
568197
108834
644801
500909
279668
482718
95319
102643
483301
548632
419632
187503
534837
708167
362048
471953
648246
177615
217405
467075
48709
425656
426893
226529
496363
8461
385027
550174
328182
90195
363682
124459
311527
128191
324193
64238
243458
558543
620880
230480
323061
178069
685445
548148
13241
351990
523949
377882
642110
358844
473537
37507
201484
498463
527210
513528
138322
150153
405890
119453
508958
375029
287955
571841
179024
496421
476036
184668
146852
229663
56774
160321
165879
258138
400966
7499
448632
93287
255742
635385
363024
108810
152160
533692
428307
195135
23340
112313
526155
632106
60395
647008
206804
6719
683200
128508
326488
429853
320993
486286
274141
357747
617846
111359
118949
583368
394374
364172
327184
157513
484599
336998
279388
698926
641862
271766
640672
223784
224479
503369
338562
139343
633134
603529
133666
502978
390757
93165
329666
86845
434645
278785
619734
414183
185418
19038
497097
271494
611124
674278
236502
274661
451518
644167
493221
607000
293878
100433
554344
480038
496082
384228
106954
276109